79.0376
78.6682
34.7541
34.7717
27.4889
75.1911
76.0856
80.6659
78.1933
75.3281
259.145
72.6276
75.4397
75.7105
77.1548
80.9656
75.578
72.2699
72.0868
75.5286
83.7933
90.1203
34.941
29.095
83.982
33.9381
79.1872
78.7388
74.9292
75.7377
75.6864
77.8492
74.0936
80.5577
91.7973
46.046
37.1954
65.8095
65.6319
77.0959
80.6245
81.9707
80.5739
33.2368
78.6986
32.0988
78.4743
76.7966
80.5313
94.5359
77.48
78.2413
84.603
80.8657
70.7854
77.9529
89.2459
99.0132
90.6954
28.71
34.1721
42.3982
81.7364
76.3633
66.016
74.936
82.4597
42.4964
76.0302
63.1376
33.4111
66.4693
73.8872
77.3513
75.8412
65.5538
77.386
76.7236
77.6315
76.656
83.4075
86.8058
93.9469
85.9575
108.42
44.0631
86.5958
85.6235
89.4381
86.3816
85.7905
86.302
86.9262
89.9695
86.2631
88.5578
85.491
85.7327
85.5291
85.514
85.6029
87.3657
85.5206
86.089
85.0073
85.6421
87.7534
54.476
85.6763
85.6053
86.5682
38.7113
40.9315
48.743
38.0169
44.0435
86.8086
35.8759
38.3605
33.7217
34.2363
34.5181
34.0414
23.7049
35.459
34.7451
45.6132
43.0903
34.4848
49.7925
27.8519
39.713
31.1439
33.6244
51.3027
43.0208
43.15
53.4558
34.343
34.605
34.3771
47.7723
42.4881
84.6781
39.1537
40.8408
56.359
44.7915
34.6452
34.5792
38.7013
51.0474
35.1149
43.76
84.6341
34.8135
85.6664
64.2233
52.0208
87.1221
42.4358
89.2869
84.5788
91.2454
86.0435
46.2056
69.8018
57.3096
53.6079
56.5884
52.5481
58.6782
50.4479
40.7514
103.395
108.411
41.5162
78.2407
25.3778
79.5421
82.7489
77.4152
88.1807
27.7754
86.6728
91.2224
79.2611
55.1193
93.7466
70.4967
110.816
52.7317
94.3507
93.5812
94.3545
92.2444
91.6923
94.0583
31.1061
87.8819
84.6423
143.398
89.1653
71.0346
88.815
81.0894
91.0203
61.9121
88.8819
109.615
89.7227
94.8259
91.8976
98.0431
81.7577
38.8853
69.8936
94.1292
62.6937
83.0531
74.1792
40.4971
86.5439
47.5883
95.2474
38.9749
32.6482
94.3439
97.0255
45.797
95.4527
94.7649
85.7206
79.9094
95.0177
96.2874
88.8811
95.2586
92.952
97.0999
95.8046
84.5948
77.854
97.1117
60.7915
96.9223
93.8195
94.6541
93.995
29.0544
93.4487
40.0427
94.0718
101.821
77.2732
93.2797
40.4225
79.8533
31.0746
95.9107
31.029
92.431
66.9413
91.6278
67.4263
36.4349
108.708
85.9436
61.7167
44.6189
52.0453
42.976
36.892
76.1334
93.6094
93.6259
70.5423
74.4869
85.2541
69.0655
84.7492
79.0233
74.6294
89.9349
90.6539
66.8397
86.5207
86.8708
80.0157
86.9339
94.0518
88.9669
90.1418
89.5243
44.4445
81.1472
50.2227
71.127
90.1082
86.6983
88.3496
55.4252
88.5234
77.7872
54.7566
43.9079
52.5979
87.8924
74.9261
84.1588
93.7168
75.074
93.1649
81.9671
92.3996
92.6269
88.2412
89.14
89.2735
99.5175
90.9673
89.7833
87.4541
110.153
109.451
80.5164
90.2596
90.6687
54.4392
90.2361
86.7722
86.7215
88.9078
87.1047
107.907
81.7088
109.356
91.5167
96.7114
92.6687
94.5851
88.3857
93.3769
97.7334
51.5282
92.4603
90.7325
90.5691
90.4471
90.9822
89.4285
90.1913
89.5633
91.9159
92.9711
91.5075
89.9769
91.0366
88.541
69.3439
56.0989
89.4361
87.7581
87.7594
63.7977
115.155
88.3866
87.9349
84.1384
87.5048
79.0002
89.0062
86.111
88.4007
95.754
45.4165
83.814
81.2305
83.2077
83.1305
86.1579
85.4334
84.851
29.9608
84.9513
94.7016
29.0002
88.9601
90.9117
89.8096
92.2294
88.6997
74.5965
90.002
47.1813
89.0645
89.5337
36.9499
91.453
91.5782
73.4176
89.0246
86.885
89.9135
27.7883
89.2055
88.3829
109.142
35.8744
76.5121
91.1405
59.9289
81.36
108.631
90.6825
84.7991
56.2997
92.7956
74.9559
93.0183
88.5846
82.5181
75.0604
89.9535
93.4856
91.2258
107.741
87.7648
87.0981
74.9165
81.601
35.9589
77.9034
83.5861
76.8362
76.9688
61.779
75.1863
66.4058
73.4944
75.3421
75.3183
71.8645
74.8623
76.6558
72.834
74.4903
77.767
71.5381
65.1056
80.5831
82.4509
86.2125
88.306
88.3453
101.551
88.7422
89.8265
108.346
92.0081
90.628
50.8065
30.9987
98.3364
93.2079
80.78
78.3545
52.777
52.9744
97.6859
99.2786
64.1287
70.6678
70.7266
62.217
70.9747
70.6283
99.3326
88.8986
96.3535
88.2409
61.3338
59.6602
93.0994
79.3653
94.5517
90.8578
89.9726
65.5659
66.7593
74.512
75.7833
73.1466
63.228
65.3043
63.9919
84.8531
80.5293
82.6523
82.1689
76.655
57.1202
83.9712
85.3509
83.6161
61.4769
33.4144
30.7352
82.661
63.5691
82.3629
98.7445
79.6799
76.91
76.7317
69.9709
76.5798
76.1096
74.3006
73.0504
61.1729
31.6146
56.4317
56.4034
27.9203
49.4919
51.5403
82.2831
77.5984
85.0688
85.0816
63.5226
61.2119
62.4201
82.8195
79.8036
68.5489
43.9938
79.6238
72.3743
72.2239
33.5314
38.1962
71.744
69.9506
76.8583
53.7936
53.5578
33.5376
64.1163
65.5912
39.5873
46.9509
66.9915
26.3582
31.4828
73.9211
32.0139
26.7448
73.5956
53.7062
69.8171
64.2353
65.6511
55.0513
73.679
72.28
69.8888
73.5992
69.5726
67.562
52.715
64.6889
73.5539
67.2842
30.743
64.0058
32.6497
58.6289
61.041
35.6426
65.051
35.3805
64.5567
65.4547
64.5732
82.1457
77.5079
65.6833
67.1443
64.6417
68.7515
44.0596
75.881
50.4751
59.4456
49.0422
44.8607
64.8373
54.8812
44.9223
51.8984
45.4263
61.6059
65.7314
58.4651
58.0163
57.3859
57.541
50.5211
58.7821
56.3377
39.0902
58.0921
58.5571
62.8787
52.4796
59.9006
40.12
60.9797
57.3904
56.7398
57.6007
59.8773
58.8232
62.2803
61.5844
62.2862
24.89
74.7075
63.7449
64.3812
66.3294
40.0226
68.0248
35.0575
69.5874
69.2232
67.5279
55.1751
67.4613
71.1127
57.4851
71.6571
47.3745
73.43
61.3141
61.4603
68.3921
75.8544
47.0921
71.9388
65.5412
74.2969
62.2153
61.8259
56.9771
59.0174
73.9036
65.7932
67.2119
66.91
55.3546
77.9362
63.479
77.5367
77.9439
78.7723
63.2167
75.0705
62.3417
83.4794
52.2611
40.7544
79.3893
82.171
43.8568
77.5506
55.9513
84.2883
56.4441
83.349
60.2876
90.8429
65.7493
90.9506
90.6168
62.8925
74.0835
94.3042
93.4599
91.1057
84.3703
91.4117
91.297
87.563
91.0705
80.8215
89.5535
75.5201
80.8758
90.824
89.7706
88.5953
49.0617
71.9927
64.6759
59.694
28.8471
61.2248
43.738
42.8042
61.7191
66.5888
82.8023
53.96
93.2513
42.1727
61.7957
49.0418
78.088
52.2825
47.4061
55.0726
56.5365
57.0482
54.6974
62.7422
62.0167
67.1341
88.6744
62.5958
62.9697
96.4788
69.0623
78.8966
109.944
92.8305
68.4679
76.0704
45.7774
96.4461
95.5487
79.8177
93.3892
86.1728
87.7179
90.8771
81.2427
85.569
86.9936
78.9175
83.3526
83.4039
43.8708
84.2289
83.2817
95.2982
85.6197
87.2191
86.8172
88.6924
69.062
105.272
87.0938
83.0208
82.7074
82.42
84.6565
93.7111
82.9222
81.4998
80.5934
78.6762
75.2208
76.6624
74.7436
74.3773
76.6026
74.8427
77.277
74.7868
32.4144
78.8561
77.1811
79.2118
78.8204
92.0379
78.0051
76.0195
76.8427
77.8975
65.9959
75.7502
78.1366
31.7273
78.2599
88.7517
77.0502
76.7733
73.8484
56.4842
58.0221
79.7743
54.8281
77.0746
76.8195
55.4299
81.5426
72.459
72.9259
65.805
55.0469
35.3218
53.0125
64.4735
62.5713
82.2528
90.3028
89.9516
90.663
92.0821
88.3958
89.2328
93.2177
91.3362
89.5403
89.1985
93.6924
92.1876
90.1255
53.527
72.0973
67.4495
92.375
73.708
89.6636
91.6409
103.441
90.0807
39.3157
36.9207
89.1318
87.0973
85.8249
85.4592
81.9509
85.7244
82.6265
84.8192
85.7376
69.078
92.3765
90.4376
86.8576
88.2023
86.1122
79.3581
84.9868
85.3409
70.1834
82.1783
85.1679
83.8892
90.381
88.9338
94.1868
88.0796
84.7508
84.0744
83.4903
53.9697
78.4234
34.4349
82.63
85.0139
55.0635
49.8252
70.6556
53.8085
47.261
48.9737
85.2461
88.6145
58.0103
51.5266
72.1629
88.264
100.04
73.1827
56.7273
58.8681
75.7169
74.5697
87.954
121.118
89.9743
67.611
81.6688
59.4028
51.9959
93.4964
52.2196
61.5777
95.3939
37.3125
32.8688
87.5194
63.2357
95.8181
53.5219
87.7667
37.3357
90.7302
69.2993
65.5774
63.3304
72.0275
57.8342
54.6194
80.862
78.1051
82.7327
78.5413
81.5138
82.8824
80.4694
79.6454
86.7446
71.7268
76.0238
73.753
78.2716
34.3343
91.5446
81.1673
78.4304
81.8412
42.5565
80.0919
85.5745
43.1022
70.7858
26.5872
63.0314
89.2531
93.6087
80.8841
88.3698
57.2291
73.5834
70.1457
77.5458
88.2848
62.5061
75.3644
70.8504
85.7628
66.7368
91.6409
86.9933
86.3127
78.708
92.5183
76.107
47.1139
86.013
43.8414
89.0045
69.5175
81.0039
84.6925
52.6833
76.1074
54.2921
40.1722
75.4498
65.1595
54.3358
69.6835
94.3503
62.8921
67.9207
95.6579
96.1
100.129
64.9029
40.808
41.6715
89.4174
61.1515
61.3386
78.0925
63.2831
79.8253
97.0299
97.6975
72.404
61.5176
117.474
56.2872
118.045
69.7466
89.4358
71.2858
89.4358
55.9818
72.7808
46.536
59.9253
48.9471
53.4577
69.36
54.2669
68.1515
70.635
77.3382
74.048
52.2865
62.0774
71.1965
94.1161
130.525
78.2415
98.518
76.5494
38.4316
90.101
35.7652
83.6482
60.3523
93.6092
98.7061
75.3304
61.4741
33.2947
97.3514
80.6044
45.6877
52.9639
79.1166
48.2246
33.3557
36.9438
86.2012
87.1919
53.0867
70.9607
62.0464
87.1606
69.068
76.6571
96.9326
95.4342
67.8289
89.1706
49.2322
59.6262
78.3528
56.8895
81.4211
39.1576
56.4686
107.326
60.2118
67.7659
74.5772
41.5151
43.9697
75.2435
60.6677
63.581
29.982
88.196
84.4261
80.9629
49.733
62.0198
47.6842
61.1256
21.6439
60.1168
34.7286
37.0124
25.5176
20.0921
21.0555
21.1893
20.6643
