54.8157
51.1824
50.2462
21.0448
37.7449
56.6935
55.35
58.1113
57.1351
60.0349
58.9319
64.3132
61.1922
60.5654
60.637
59.2414
55.2383
38.2732
22.3217
16.7456
57.5078
17.574
62.482
64.012
49.8506
23.8844
22.7668
5.45203
59.7517
29.0219
50.2598
17.6043
56.8055
25.1581
49.2037
60.9058
52.2237
59.9562
62.4944
60.4675
60.3948
63.7503
66.44
61.8929
60.256
59.4485
62.3975
49.7978
60.6533
35.4298
58.5072
45.7503
59.2463
60.6886
66.0776
61.1339
58.8799
31.0003
58.4866
18.6491
11.9821
20.1623
60.9139
63.5336
64.2647
65.4472
63.1233
61.7634
56.9906
57.4583
66.8828
55.6881
36.2822
37.1673
22.1597
56.8769
56.7633
56.0157
57.5836
64.5717
63.5638
62.911
67.633
66.7204
64.2449
67.9779
67.3003
66.2531
66.2133
64.4353
69.5883
65.9728
66.4421
66.8624
64.7464
65.4177
65.6009
64.8041
64.5683
66.2484
65.0522
70.3393
68.4673
65.4537
67.4619
69.6338
66.9625
59.8141
61.0986
60.8378
65.5499
19.7482
26.8251
53.461
22.6021
35.0286
31.6203
22.3877
26.7803
62.0098
58.9317
19.7757
19.8667
20.676
24.7267
24.5888
26.9604
53.7041
19.7725
54.4699
16.2244
25.1753
37.6844
56.4514
61.4307
57.7409
54.5505
53.863
52.5521
19.0505
19.3733
55.7543
24.8386
42.5957
56.7405
56.0844
60.4722
51.4166
18.4255
19.559
63.2222
66.4889
19.9326
19.3279
58.6589
24.7137
54.3411
19.4867
21.7324
27.049
26.7275
66.376
65.5631
68.7047
64.1518
61.2004
57.5687
56.4231
58.6268
56.2022
61.3202
54.7652
52.4835
53.737
58.2157
63.9478
59.8988
55.2047
55.68
60.4643
61.8739
7.05054
69.4195
57.5332
41.2798
77.8534
82.9322
34.3323
80.1508
60.4498
81.3876
78.0586
51.3865
75.8637
75.6121
75.161
68.9256
74.4809
75.8033
76.1575
47.3755
73.2033
72.8569
39.7178
69.4074
75.8488
76.0884
78.0375
74.7506
61.7461
53.9595
43.5864
75.5294
75.6792
82.4104
69.0583
74.4474
77.2446
72.219
75.6375
80.3093
78.5892
75.0849
78.0218
80.4941
82.1769
81.427
75.9362
79.1928
75.497
79.8562
80.3256
81.2207
73.0551
77.6224
76.1598
78.7163
78.0133
76.5582
83.7803
82.6286
55.8179
79.163
80.2781
47.2873
76.8704
75.779
78.2846
78.5716
38.8389
74.1178
35.4254
74.9399
65.2351
76.4377
76.0476
49.1308
73.1661
40.7608
82.7812
68.3037
67.8757
69.5468
78.7869
80.1802
78.0981
71.3986
94.0396
80.5629
85.7941
52.7451
81.6884
42.7285
77.8019
36.2348
61.1677
37.0547
70.3605
62.3688
68.6487
66.1139
66.3916
72.3069
66.7466
72.4734
41.2534
63.7144
62.272
62.8679
72.6846
76.5788
77.0341
65.2194
66.2476
66.9526
73.6113
29.4111
36.9925
73.038
38.7517
65.9358
42.7468
74.937
69.4854
51.0834
53.3761
67.4055
65.3506
69.355
7.71943
69.0007
72.2739
69.8747
67.662
58.319
72.6433
69.2299
69.9375
68.3863
69.1543
67.5102
64.6456
45.1353
67.3554
67.1405
67.8091
70.1605
70.5228
68.1599
66.0575
71.7304
66.7768
72.6078
70.7683
78.5353
45.2566
71.4512
71.0128
67.594
72.9086
65.0908
67.7108
65.5422
52.5081
71.9703
67.1895
69.5406
67.2267
71.5306
71.563
76.5478
70.3974
71.3693
72.4642
55.6085
72.4819
75.4072
69.3857
68.1241
69.3874
73.9543
70.8497
68.525
69.0182
67.5471
63.5386
66.4498
68.9689
67.1877
66.2968
64.1546
35.4056
67.8001
64.2542
66.42
49.392
40.3063
62.1035
68.0769
58.711
63.5567
66.5913
64.1628
70.4151
63.7693
69.7305
56.5188
71.9905
72.4483
69.3065
71.5849
71.4316
71.5599
73.8505
71.8447
70.2661
76.3701
40.1691
71.5102
70.6134
72.5478
71.0971
73.2212
68.7469
66.5734
68.6536
73.4796
75.7689
40.1864
73.4304
71.6012
65.2615
65.322
71.6522
69.2064
72.4842
71.6724
70.9591
75.9192
74.0257
70.2642
69.8628
69.9427
68.7542
71.4603
63.8027
67.9455
62.9726
64.7977
61.7064
60.6676
43.9775
60.0076
56.5814
58.7174
55.4649
35.9902
54.3807
52.0614
52.5968
57.5474
58.0756
53.1959
52.253
54.3457
52.2715
53.5581
57.7155
34.9654
58.8891
63.1999
63.6053
64.5803
67.4265
70.2501
68.9846
71.3712
68.346
68.6281
68.3895
71.1332
53.8659
39.9777
71.2542
71.4493
73.5194
73.2145
73.8609
69.493
76.9215
74.7337
75.0427
69.9431
50.2644
48.4197
61.9568
75.2381
74.9984
75.0168
73.3831
75.7906
35.8866
36.7684
76.8524
73.6058
73.6992
72.8212
73.7682
71.8843
73.7189
39.9927
73.9378
53.5248
44.9789
32.9667
58.7105
61.3019
63.5866
69.755
66.4171
64.9324
61.787
48.3253
66.5182
62.3177
65.9225
46.1459
61.2455
61.4459
63.0497
62.5688
62.4585
61.3143
57.9841
58.9314
55.6322
43.6228
50.8695
52.8174
54.1966
54.2637
40.3585
55.7472
58.0914
27.1339
28.8186
32.6389
28.4962
24.0411
66.6205
38.4263
66.0331
70.3618
44.0273
61.8713
39.8099
60.6537
39.9594
58.943
33.1391
33.4164
31.1868
41.1833
57.4781
25.8179
57.465
57.3841
38.0113
56.0337
58.0295
42.9813
18.1632
37.2146
40.0679
54.5268
55.2211
45.9859
33.999
32.0774
24.9073
54.2366
54.402
53.7493
34.3692
30.3939
55.5535
53.2661
56.0489
48.7919
26.259
51.9222
44.1419
54.9898
46.0978
50.8584
32.2888
46.1716
40.6417
45.3027
42.2164
45.8175
44.9296
50.2329
46.6367
47.476
49.7686
48.0877
46.3446
6.26579
46.6283
51.1161
49.754
50.0031
53.4747
12.7603
12.3838
33.0421
27.2949
46.1749
24.2626
46.1776
45.2039
45.2094
44.9696
43.7432
42.9089
43.1182
41.844
43.7765
42.5408
41.9827
40.7003
41.3972
40.6347
42.9661
23.9887
20.2466
41.5005
10.7644
15.2867
40.0883
40.1265
41.4126
43.4359
44.8887
48.5988
44.6463
50.3775
23.3845
46.3504
15.2612
48.8346
50.0825
50.8652
52.1461
50.4599
49.4273
49.0682
50.7905
54.8086
52.6847
52.0879
50.2231
54.7726
58.2922
55.7237
54.923
56.0387
54.4206
27.5759
53.8718
54.4207
51.5716
54.6994
43.6179
54.3004
51.4144
51.7902
49.2481
40.3608
44.5388
50.8386
49.5079
56.5676
51.7449
53.9507
54.9862
53.7946
53.7534
53.7421
51.7115
47.5565
54.44
44.677
17.871
61.5353
22.6758
62.5357
61.7275
60.7349
64.544
61.7523
48.9653
64.1363
48.111
65.6522
67.3012
68.9689
66.3696
69.0796
67.7641
71.4623
49.103
69.2867
55.638
68.6013
59.0863
69.4713
68.1622
57.6357
70.5431
74.809
70.4921
68.7932
29.2669
70.5991
70.8052
67.643
58.2466
32.91
53.5211
32.9551
41.5692
51.1484
72.1276
29.3964
77.644
53.5062
30.4455
45.5998
70.934
64.3377
70.9347
28.961
45.4759
50.8223
69.7144
75.0277
73.9034
70.9157
78.7204
72.777
76.4544
75.5883
78.8484
75.4626
72.6778
74.0762
77.464
72.2752
60.7624
76.4442
74.4479
80.0415
76.7302
71.8074
69.5545
68.17
70.4754
63.3124
66.3591
67.7864
63.5437
61.1611
60.093
62.6324
63.2291
66.3866
68.9917
67.7451
68.1424
66.9976
85.9119
73.7404
64.2031
63.1273
68.9696
64.1061
64.4523
63.8683
63.8544
64.3428
60.5747
60.4323
58.7325
57.295
56.0769
52.4822
53.356
56.045
60.203
66.4988
40.2648
62.7936
61.4792
64.6961
58.8919
60.3159
60.8617
56.514
57.8697
59.3336
32.5497
57.3594
56.3829
40.647
57.0861
55.8746
55.9647
53.9866
50.628
42.7817
54.4938
57.4469
46.0677
65.6281
49.8231
63.2002
61.0554
42.1082
59.5735
62.9773
53.7065
49.8218
68.5149
51.5985
66.6031
75.2669
67.4548
72.2486
70.6123
69.1794
65.7713
72.8288
69.8589
69.8043
69.9896
70.977
74.2636
76.5862
69.8465
73.2818
59.9282
70.3586
69.6611
70.9929
70.0793
68.1028
67.0229
68.1595
56.5598
66.5469
66.0313
62.3378
62.5602
60.2045
62.5803
61.3139
62.1261
64.7789
63.5319
61.6095
62.8842
70.1314
69.2059
63.8206
66.3189
64.3425
60.1452
59.8453
59.2183
60.3089
59.1857
60.472
64.6797
65.2413
66.4078
60.4668
62.9316
60.2599
63.0837
15.9923
64.0516
52.9846
63.3993
63.862
25.6777
42.4001
42.0495
25.3907
59.9731
21.4882
62.2738
66.9495
65.0941
22.3804
63.4742
57.7491
65.3261
65.4458
66.4214
58.9652
61.1301
70.3862
70.4811
71.4556
70.2434
54.0659
44.194
40.7469
20.0617
70.0247
72.5152
69.1466
76.4775
36.2212
37.2386
69.5448
75.2262
72.9724
22.7962
76.5191
35.0344
71.6862
67.805
71.1817
63.8435
68.4502
67.8952
31.8486
36.6695
68.0201
62.7526
60.5749
61.5361
59.6193
58.5242
57.3134
54.5039
52.7473
51.6295
52.2719
56.9078
54.0812
55.9311
58.0331
64.0267
62.0924
66.213
57.326
66.8458
36.4351
62.8694
45.0737
53.0177
38.3639
67.6034
71.8182
67.8178
67.7157
67.4384
35.4099
41.4118
71.9135
55.9376
55.4451
71.3591
72.6881
72.3685
69.9309
79.3223
70.6456
53.3651
73.2445
8.96992
70.8222
70.158
70.815
68.4839
75.0628
7.23017
72.3526
74.3675
73.2547
71.7219
72.2649
70.7001
79.2944
79.9757
79.0309
76.3514
74.1687
72.5868
76.3973
75.7058
80.9783
54.7586
43.4965
40.203
78.2048
82.6179
15.3005
85.0111
75.7374
81.4563
73.9377
76.8023
80.8516
64.1299
77.2302
44.1496
76.9876
79.1413
48.9813
67.6469
77.2494
43.5389
78.3203
17.9583
68.7134
24.8845
28.6923
30.2959
62.2789
74.4287
72.7027
76.9509
74.1947
73.9403
71.5927
71.7313
75.0818
72.0809
71.3363
74.7673
72.9037
40.0906
73.0133
70.9306
72.1856
60.1585
72.7539
74.0187
35.2264
49.2406
42.297
70.8192
72.0598
65.3479
63.826
67.6058
20.1672
34.466
72.1831
52.4884
70.5112
22.0716
69.7963
40.923
51.9073
67.0179
70.8341
70.8084
69.8818
46.705
50.3594
21.2066
52.8638
51.6472
41.8067
64.4035
16.2241
13.2052
67.6457
70.8845
42.0642
62.9985
52.3727
55.4955
67.997
24.9903
63.9818
49.3113
74.0901
73.9692
68.4239
59.3049
53.8294
50.3036
44.3087
39.9689
36.1469
34.1443
37.9786
35.4292
36.994
34.5151
34.0638
36.0364
