20.0194
90.9669
63.3583
59.7706
36.3527
50.7548
36.8749
61.3139
59.5093
24.1693
58.1206
61.74
46.1789
61.6677
50.032
62.5955
31.0575
44.1056
47.3491
25.1828
26.6884
37.7871
62.5723
66.7828
68.0496
64.4249
67.6395
25.3555
55.2876
28.2584
29.6624
61.6698
56.1976
65.2429
52.6672
48.146
67.1365
71.8149
30.4883
38.293
31.1997
69.6437
64.5363
42.5696
29.6346
58.7867
60.1554
59.5389
76.2779
45.7601
61.1695
51.6267
45.8227
55.1362
60.5812
59.6861
62.0542
63.1425
61.4586
38.0761
45.8899
49.9826
43.3948
36.7677
48.7965
45.0205
63.3492
70.7371
51.7092
53.4883
24.5453
58.5912
69.6609
71.8939
38.8082
58.2834
66.2392
62.8116
40.9113
62.3708
65.3035
67.8489
36.966
65.4309
54.8963
69.1149
69.2561
69.453
68.3143
59.3503
69.2515
69.6181
83.4851
68.0468
68.508
69.2399
68.7481
68.8969
52.7896
69.7032
69.0798
67.1677
69.5022
69.2146
68.3343
47.6904
43.7652
54.1727
48.5337
27.7836
68.4243
59.2645
40.0465
52.7988
45.4525
48.8493
48.4824
37.639
50.3839
54.7963
53.5235
56.2818
56.2926
34.2687
57.4658
56.6871
57.6737
45.4374
27.0859
70.223
52.5231
47.5146
27.1718
47.8663
59.8501
37.6958
51.4231
54.4879
48.527
29.3206
41.1821
27.5155
45.425
39.7849
39.9859
39.2799
49.144
39.6994
43.5613
46.1907
45.4264
62.5566
48.3742
50.6733
59.3283
28.5195
60.1377
60.4251
46.2401
39.8674
33.2781
68.7743
68.3992
41.8754
69.1003
65.1227
62.5889
52.3027
34.5195
62.0739
32.2285
62.5056
59.4373
58.5944
69.0382
69.0561
68.1515
65.1083
62.4783
63.9797
47.7688
65.9165
58.5592
44.8286
37.3406
49.5338
52.3301
73.5324
63.19
46.5379
34.7337
51.4154
47.5929
46.9939
55.6787
75.66
71.5488
73.7064
67.6566
71.5594
42.0365
73.3347
80.4381
39.7941
83.6962
80.5557
59.6696
34.1314
67.8008
73.3807
66.7235
67.0147
87.2713
35.3979
46.8931
64.4909
44.0864
63.047
68.8423
61.6734
40.1949
74.8699
52.7195
48.9219
59.8245
75.6269
59.6714
42.417
68.9417
41.5869
59.2523
74.2014
55.4335
49.119
76.4578
76.7344
66.0747
48.6865
61.5007
70.6785
51.0048
66.7079
90.3833
50.7365
61.8294
76.6463
62.699
75.9448
34.7578
38.8567
79.4539
57.9511
28.3819
73.5817
35.4044
74.9658
76.8637
76.385
86.376
42.8454
74.6559
73.1268
86.6166
72.2444
67.0463
54.2942
26.2789
40.9369
40.3219
48.9832
74.4562
37.0772
74.0844
64.2026
64.4899
62.9797
63.2111
35.4554
32.5712
40.4173
83.511
69.7657
72.2979
58.1474
73.6401
67.6062
54.6502
55.4519
71.5604
60.699
69.8539
52.0475
46.0395
40.1978
38.9889
39.2652
57.7959
47.9009
78.4481
67.8875
33.9079
64.7676
35.9838
71.5362
51.3245
57.2565
47.667
62.9733
97.8036
56.2513
57.623
65.1681
56.5607
73.1516
75.7972
69.9888
70.1332
71.0606
71.5885
33.3629
70.2268
69.967
46.374
70.697
61.96
77.3125
36.8597
36.4953
72.5243
71.5769
64.8402
65.894
67.153
60.319
61.4797
58.625
73.0962
72.4438
73.92
46.9553
77.2857
70.2514
74.9722
71.0461
69.9588
71.062
69.5421
69.4691
74.146
70.3302
79.5882
61.2944
68.7733
49.7856
42.6736
79.8528
72.578
73.107
46.5795
44.7465
32.3722
72.9316
49.1515
68.5729
41.5374
61.6793
66.3855
70.4333
68.3151
48.8172
62.2084
69.638
69.7849
71.5873
55.6906
69.9979
35.4119
64.9483
68.07
46.1972
60.6002
68.4625
64.6636
67.8635
74.1595
45.9889
70.2128
46.3481
71.3909
85.9227
49.203
34.0264
47.255
71.6463
70.8467
73.2862
56.2635
59.9429
78.9561
70.6676
68.8933
69.9445
68.5526
71.0065
32.7391
69.3712
60.123
66.7904
72.8159
35.6573
71.8594
47.2352
67.5642
40.8797
80.514
71.3702
48.476
54.343
63.1339
70.6979
66.7255
71.3244
45.1592
56.7641
50.8415
88.4124
68.6672
70.9008
85.5792
64.4681
63.5428
63.7066
63.7442
48.3546
44.3301
47.4443
52.1918
71.4186
59.3024
50.0738
62.3052
67.1382
36.4144
59.8105
54.6348
24.6573
36.6567
32.4689
64.5805
55.5379
57.1339
67.431
40.915
56.1036
79.8569
75.6808
67.4855
92.6208
68.605
71.5282
81.8135
42.3643
75.7134
74.4636
76.6738
63.2372
77.8895
50.9867
44.2179
62.9655
45.1394
50.4132
74.0577
70.0332
49.352
65.9767
45.6091
79.8944
104.437
75.6786
76.6465
41.2875
67.1281
50.6122
74.3494
60.864
34.2716
75.5188
68.7122
76.1447
70.2157
65.1899
84.0302
51.6702
54.3577
47.1669
69.1936
41.7439
68.8488
68.5709
56.1225
75.9507
83.5321
26.8875
68.1934
78.101
55.1425
64.1011
64.4781
46.6168
78.0178
58.346
64.0655
61.3005
75.3402
53.1619
65.812
42.5229
62.9276
59.1017
56.5962
55.7963
38.5274
36.5698
57.7497
48.6014
52.9355
49.6886
44.4752
53.4297
76.8896
54.6814
66.3199
66.5425
50.7076
51.9652
39.5719
52.1394
62.195
49.266
56.6128
37.5387
63.3637
57.5242
52.1698
52.1687
45.1169
59.9804
59.4962
40.811
53.4471
34.6315
47.7128
43.499
44.9044
55.55
44.0564
58.7639
35.646
56.5144
43.2573
43.4093
27.5269
55.7634
53.7452
56.698
56.1654
48.8822
54.9284
72.6902
37.9641
53.8353
34.474
44.5879
42.0099
53.3783
50.9273
28.9369
46.3074
49.1583
49.7692
52.5043
50.6956
50.9562
42.2839
50.5786
51.551
50.9588
52.0358
52.388
52.6522
48.424
47.1759
37.0309
56.1419
34.7743
53.2088
27.3605
50.5739
35.4331
48.8161
29.5335
28.8947
36.8061
26.5299
44.7231
45.2862
44.2743
44.5672
32.2036
49.5478
29.0248
46.6402
46.8377
46.8148
47.5793
46.7612
45.7044
27.7228
45.2831
44.05
35.8277
44.7066
31.7974
46.4173
47.9595
49.7878
49.1258
48.0113
48.7773
41.7798
34.3571
53.4731
52.346
35.7343
54.8579
51.5551
49.9082
53.5599
37.7245
53.0976
32.3864
52.9491
40.2068
54.2328
30.8366
44.4233
46.7757
74.7231
56.3988
57.0422
57.5411
43.2526
58.4365
57.3519
57.7117
50.671
48.4092
64.2292
59.2541
36.9911
43.874
65.5099
63.77
56.5095
30.1261
65.3354
64.2065
63.7482
62.0732
60.8673
54.9589
62.7502
40.4761
39.9781
67.1545
39.1627
48.4264
80.8921
69.209
69.3621
68.7159
61.6926
74.1349
48.5641
61.1901
75.7437
75.6637
97.6858
75.7288
66.0963
56.9939
36.1783
62.9621
69.1437
47.4412
72.9941
64.4868
58.484
47.0962
45.6985
85.1397
66.5313
52.8067
39.4573
65.8254
41.1216
65.7413
66.4707
52.7527
39.4665
53.396
27.8266
60.7929
80.4607
66.4815
54.9332
72.1697
70.4796
56.4412
57.769
67.6549
47.802
42.4637
35.4267
48.9344
66.0761
35.5556
56.5378
301.473
66.9726
57.216
55.5647
58.621
41.1119
27.5651
53.5627
65.1272
61.2104
55.1733
50.0513
44.2389
74.9771
49.4246
56.0874
49.4094
60.7755
71.6973
72.3814
65.5052
41.2154
51.382
69.4025
64.3668
65.2444
63.1143
63.1605
67.7054
68.3759
46.8762
47.0255
68.7098
66.7439
51.2852
65.9121
65.4666
63.1322
101.737
73.0681
129.193
65.871
260.988
94.0595
77.2706
65.5843
43.7189
59.0998
62.3409
37.7152
62.7399
64.0101
59.9188
60.2768
61.4718
61.617
63.2438
38.7033
61.6392
149.162
157.165
152.568
65.3767
82.1332
292.158
212.274
214.614
136.555
73.365
51.4133
72.5568
76.8268
66.0534
37.2117
158.927
75.9293
32.5467
61.71
63.0085
71.708
68.0521
61.765
46.2969
65.462
63.7882
53.2836
60.4742
83.5629
62.6043
72.2799
57.8435
58.4416
76.6184
70.4227
72.1549
70.6091
73.5189
49.5504
71.5271
77.8124
73.5279
46.7019
40.7559
72.3596
44.8308
74.8539
75.2627
48.4864
42.4743
74.0824
71.7001
75.1067
72.6672
70.8393
70.4875
68.1159
78.3777
64.8008
67.5773
54.1958
71.7306
69.5201
51.3327
68.8635
35.8855
73.3615
71.955
44.255
46.2681
62.8023
68.8613
68.6156
62.5786
69.3582
69.1231
52.2417
51.8845
64.2947
74.2526
67.0022
69.9816
66.1451
52.4001
44.4355
44.1683
43.6442
45.0775
68.8372
34.0758
39.6756
50.2452
46.1515
33.0945
60.0886
44.3956
72.0732
56.9657
279.557
78.6986
49.6921
36.7247
71.4626
57.237
55.9742
49.7668
61.5527
74.0503
73.0639
42.2849
64.045
39.8428
41.656
76.9477
53.4158
61.1932
72.4439
63.5468
62.0211
69.4287
53.8913
51.6193
65.3809
66.5687
49.9148
74.7971
52.9276
62.0878
44.9745
67.7918
47.021
47.5653
63.0152
51.4109
61.4632
70.9426
60.2683
44.9452
66.2555
55.8359
61.2197
62.8139
61.7717
60.2175
64.7226
65.1878
62.6217
50.5886
26.509
62.421
69.8207
66.8412
65.6288
70.3925
69.6607
69.4933
73.7382
59.9143
64.3375
62.9886
73.8111
72.8152
49.2153
42.5693
69.1043
70.8248
72.0725
69.4849
57.3418
42.8255
55.8338
65.716
69.249
41.4527
56.9946
76.8251
218.963
59.5565
68.9047
69.7232
71.8143
62.7471
73.7588
73.4696
73.2243
72.4321
53.9668
29.3589
64.7231
74.8351
42.3698
61.7803
54.6691
75.376
72.862
74.3295
43.0803
57.0542
51.7573
70.6494
36.9619
81.7123
48.3427
79.6803
62.2533
44.0095
34.8844
28.4494
77.2469
79.1267
51.2561
74.472
73.7011
41.5702
64.6032
56.8017
54.1524
78.8105
29.3026
75.7993
68.7789
76.1272
56.7166
35.923
44.5028
77.2216
48.1144
35.9175
59.2663
73.5468
88.1198
41.0017
76.0505
44.2437
76.4825
77.2386
77.3969
54.8647
67.414
80.0849
38.8995
57.9093
66.3409
69.7595
106.028
78.0841
73.631
62.984
72.8893
58.515
65.1743
45.1116
76.9741
52.8291
76.7641
47.6685
74.5423
68.8164
38.3413
39.8675
66.7515
78.6389
60.1079
60.9626
62.2183
70.7802
39.9531
47.7714
100.567
73.8709
36.4781
30.1313
55.9866
38.4092
35.4477
66.244
45.1635
30.7649
73.4258
47.0886
45.7152
77.2744
71.73
34.5892
51.3216
66.0545
68.3106
49.5424
66.4182
56.242
65.0437
48.3633
48.5245
43.4634
43.7289
43.6982
43.52
43.9051
43.6833
44.5568
42.7922
1 System() sConfig_file: /home/guo/vio_course/VINS-Course/config/euroc_config.yaml
 fix extrinsic param 
1 readParameters:  
  INIT_DEPTH: 5
  MIN_PARALLAX: 0.0217391
  ACC_N: 0.08
  ACC_W: 4e-05
  GYR_N: 0.004
  GYR_W: 2e-06
  RIC:    0.0148655  -0.999881  0.0041403
  0.999557  0.0149672  0.0257155
-0.0257744 0.00375619   0.999661
  TIC:   -0.0216401  -0.064677 0.00981073
  G:           0       0 9.81007
  BIAS_ACC_THRESHOLD:0.1
  BIAS_GYR_THRESHOLD:0.1
  SOLVER_TIME:0.04
  NUM_ITERATIONS:8
  ESTIMATE_EXTRINSIC:0
  ESTIMATE_TD:0
  ROLLING_SHUTTER:0
  ROW:480
  COL:752
  TD:0
  TR:0
  FOCAL_LENGTH:460
  IMAGE_TOPIC:/cam0/image_raw
  IMU_TOPIC:/imu0
  FISHEYE_MASK:
  CAM_NAMES[0]:/home/guo/vio_course/VINS-Course/config/euroc_config.yaml
  MAX_CNT:150
  MIN_DIST:30
  FREQ:10
  F_THRESHOLD:1
  SHOW_TRACK:1
  STEREO_TRACK:0
  EQUALIZE:1
  FISHEYE:0
  PUB_THIS_FRAME:0
reading paramerter of camera /home/guo/vio_course/VINS-Course/config/euroc_config.yaml
1 PinholeCamera 
  m_cameraName: camera
  m_imageWidth: 752
  m_imageHeight: 480
  m_k1: -0.2917
  m_k2: 0.08228
  m_p1: 5.333e-05
  m_p2: -0.0001578
  m_fx: 461.6
  m_fy: 460.3
  m_cx: 363
  m_cy: 248.1

1 Estimator::setParameter FOCAL_LENGTH: 460
2 System() end
1 ProcessBackEnd start
1 PubImuData start sImu_data_filea: /home/guo/vio_course/VINS-Course/config/MH_05_imu0.txt
1 PubImageData start sImage_file: /home/guo/vio_course/VINS-Course/config/MH_05_cam0.txt
1 PubImageData skip the first detected feature, which doesn't contain optical flow speed
2 PubImageData first_image_flag
4 PubImage init_pub skip the first image!
Not enough features or parallax; Move device around
Not enough features or parallax; Move device around
Not enough features or parallax; Move device around
Not enough features or parallax; Move device around
Not enough features or parallax; Move device around
Not enough features or parallax; Move device around
Not enough features or parallax; Move device around
Not enough features or parallax; Move device around
Not enough features or parallax; Move device around
