52.5963
50.006
48.1148
19.7704
37.5105
54.3893
54.1274
54.0742
53.592
53.8318
55.0241
55.0205
55.668
55.1303
54.883
55.6424
55.7516
34.0874
20.3763
17.3367
52.2239
17.3785
56.7149
60.145
43.0178
22.3326
23.374
8.5
56.8314
28.8607
48.921
19.3379
59.9269
25.4457
48.585
58.3586
47.0855
55.873
56.4966
55.4474
58.7794
59.413
57.9364
59.7143
55.202
56.8009
57.7489
47.3602
57.472
34.9324
56.2591
42.418
55.582
57.5474
56.2155
57.9386
60.0671
30.0403
56.217
19.1319
13.8502
18.548
60.8975
61.0618
58.9386
60.1017
58.9402
56.9917
55.1087
54.2124
54.8364
50.8795
35.1886
30.3479
21.469
55.7435
52.9333
54.7432
54.0789
59.4383
58.6268
62.8944
63.2145
60.8737
65.1632
64.6891
62.7346
63.6251
62.1666
63.535
62.2593
62.7542
64.6082
65.1487
61.74
60.9992
61.5779
61.4483
61.3233
60.8736
63.2387
61.4004
61.373
63.0564
62.1599
60.9727
62.3471
58.3317
55.9048
57.0875
56.992
20.3203
25.6319
50.553
19.9455
30.2612
29.9194
19.0214
27.2416
55.3069
52.3605
18.3953
18.3207
18.108
25.1531
23.6335
25.1631
50.0966
19.3976
51.027
14.2082
25.5081
34.3077
50.3255
55.7646
55.6696
50.6779
52.5827
50.4864
19.9737
18.2744
50.164
23.7043
41.4478
50.1202
50.3339
57.5142
45.1239
18.6277
18.4402
55.7201
60.9808
18.1677
19.3157
55.6607
23.309
49.9208
18.0191
19.5144
23.2015
26.8946
62.4875
64.1856
63.3547
60.0912
58.7093
59.14
55.1099
54.2886
54.8811
54.4331
53.361
53.6256
48.986
55.9726
56.2325
52.3066
49.0877
51.6777
53.7958
60.1421
7.73384
66.3633
52.1153
37.0266
69.7275
69.9238
27.1522
73.3959
55.0319
71.3061
69.4462
46.5999
69.4844
69.2968
66.5703
68.1805
65.037
64.4983
64.3833
43.025
69.0869
66.9307
36.349
68.8912
67.4334
68.484
66.9385
65.5917
58.157
44.3779
38.1008
68.1912
69.9183
65.2849
66.1314
70.0573
70.3004
69.3464
67.4587
69.0387
68.5984
69.3192
70.5827
69.6817
72.1581
72.809
71.6064
73.1146
71.0939
72.1069
72.1016
70.8034
70.1524
71.3453
69.5642
70.7112
69.6163
71.5108
69.9632
71.5422
53.0309
71.4986
72.7573
47.3167
71.8
74.7661
72.3514
71.487
33.0012
69.5422
32.7359
68.2023
58.8139
70.8498
67.6534
44.5647
69.4035
38.2272
69.3491
64.9024
63.5129
63.3345
68.9933
70.9113
72.8981
62.3415
68.7269
69.4759
68.2335
39.9878
67.9659
36.2102
66.4877
36.8743
60.1187
38.1483
62.1993
62.3308
61.6664
63.1853
63.6854
62.5798
65.1379
62.574
34.994
62.9474
62.3745
63.9101
65.2539
64.6498
66.3722
64.0114
64.5091
65.3887
64.1859
25.3488
36.4803
64.528
37.5181
64.232
41.6745
63.1057
60.9569
46.5505
44.7106
61.7062
64.2206
64.9649
9.62939
65.4441
64.8522
66.2048
65.2112
55.4161
67.2148
65.9836
67.9575
65.4255
65.3072
64.6452
65.928
41.726
65.7355
63.1884
65.1978
68.0913
63.5275
63.58
61.8008
61.9311
63.3477
62.714
62.1085
63.6247
40.989
62.6868
62.2373
64.0532
66.5069
66.3991
66.2034
66.2087
46.9272
64.7887
65.7577
66.4223
66.635
65.9907
65.4938
64.7266
65.6973
65.439
66.4061
49.5395
68.4426
67.1143
65.0997
65.483
65.6204
64.3285
62.3242
63.8419
61.6517
61.9283
62.5617
62.16
61.893
61.7558
62.8135
62.6161
30.6273
62.7953
62.7431
61.9611
43.735
39.1909
57.4592
56.9939
56.6053
58.9326
57.3078
56.0304
60.0231
59.6365
60.2329
53.1889
62.3433
65.2895
64.4603
65.2483
66.4156
64.5876
68.19
65.6753
64.8762
66.8622
38.9686
66.4128
68.3517
65.9127
67.1091
69.1549
66.4175
58.8822
65.6477
65.2381
65.5713
39.2111
67.0859
68.8996
59.9816
60.9281
68.3944
66.981
67.8693
67.8937
69.199
68.1461
66.475
65.7153
67.2045
64.6342
64.1034
66.7392
61.7961
62.0434
62.657
60.7279
59.969
56.5556
43.3193
54.739
56.1902
54.7347
54.8677
34.0363
53.4095
52.4992
49.5667
52.9971
52.0806
48.9162
50.1155
52.281
52.6365
50.7974
53.4193
33.3405
57.821
57.9632
57.9743
60.3585
61.0069
64.654
64.9745
65.0889
66.4695
64.5688
65.2374
65.2945
50.1719
38.2149
67.836
70.1023
67.6565
69.7336
69.1968
65.6154
73.1598
70.47
69.8558
67.274
46.8498
46.3714
57.8637
70.6472
70.8192
73.5312
70.857
70.3157
33.4771
33.2527
68.4343
69.0932
66.1123
66.8347
64.363
66.4883
68.1432
37.2374
66.6234
48.0721
41.3539
33.6586
52.7669
55.9953
63.2232
62.7105
60.3825
58.7659
61.1986
45.7981
61.3709
59.0532
60.25
45.88
59.5342
59.2031
62.1872
60.7727
58.5996
57.7307
52.968
52.4729
51.5655
42.5041
51.681
51.1245
49.4251
50.8139
36.2076
56.0289
54.7109
24.3139
27.804
29.4502
26.9018
25.3233
60.2181
37.5368
63.883
60.17
40.8156
60.9031
34.5103
55.0274
38.1846
57.9114
32.2302
31.5962
31.7137
36.5365
53.7628
25.7845
52.6985
52.5979
33.8428
54.897
53.7648
40.8066
15.846
33.3625
38.8892
52.4309
53.6753
44.599
33.894
30.6305
25.4266
50.7478
46.7109
51.4422
31.8441
31.2015
51.7079
52.1078
51.9044
48.3993
23.0959
50.6684
43.2013
50.0838
46.4883
48.4186
30.5417
42.7206
38.2869
40.5941
41.1294
43.1386
43.6992
45.1923
44.1409
47.2127
45.8392
48.439
45.9437
6.57889
46.4189
46.6514
50.2044
49.2952
48.9994
12.8082
12.1734
30.9186
28.0965
45.1092
23.489
44.1087
42.7756
41.3724
42.5777
42.464
41.2461
41.1681
40.3182
39.5657
40.0187
39.6021
38.959
39.5524
39.4078
37.4742
21.6042
19.9452
38.171
9.20912
11.8448
38.8313
38.7202
37.8619
40.4798
40.6109
43.7638
41.0798
45.1922
22.3386
45.7939
16.0679
46.1958
46.8068
47.1162
49.417
47.4507
48.4243
48.7856
48.2899
50.6167
49.6751
48.6651
48.451
49.6865
50.2641
50.8432
52.2548
49.4236
50.3112
26.8064
51.5492
50.7984
51.0903
51.6767
43.8123
50.2588
50.47
50.9473
50.5142
40.0529
41.2763
48.6985
50.6304
50.9214
45.6608
50.9945
51.0696
49.8875
50.3529
51.4131
52.8993
45.6777
52.4234
40.9669
18.8069
56.259
22.8715
59.2913
57.6126
59.0651
58.9143
58.4181
47.3577
62.4113
46.7288
63.5382
64.3761
64.2994
62.6245
66.0639
65.3396
66.7387
49.7593
67.2137
55.9903
64.0155
55.9555
64.3305
65.8806
54.8838
64.7398
65.0325
65.5042
65.4101
25.5635
66.6218
66.4926
66.0254
55.4839
32.0878
48.3711
33.6319
39.9028
49.9367
68.4739
25.8372
69.5553
51.3542
28.9438
45.999
60.7594
65.0622
68.2151
29.389
42.6402
47.6373
62.8732
71.9076
69.6325
68.249
69.5826
71.0752
70.6638
69.4902
70.8927
70.5175
70.0663
70.0922
69.3359
70.9535
56.5596
71.322
73.3785
71.2281
70.3233
65.1132
65.3151
65.5765
66.0202
62.8496
61.2398
61.1504
63.3837
59.6071
60.3056
56.9445
56.754
60.0904
60.8998
61.4821
59.3754
62.0546
60.8701
59.7113
60.042
59.4951
57.8881
56.4765
57.635
60.028
57.0848
58.2021
55.0054
54.8322
52.0506
52.0738
52.0102
50.9754
52.0541
52.1649
52.3463
52.5548
34.6678
56.3865
54.9975
56.0526
55.7722
56.7293
56.655
52.855
53.7429
54.6789
32.3279
52.3908
53.1432
39.8915
52.4363
54.4041
54.3976
51.7404
50.931
40.5581
54.4273
56.4491
40.2768
53.8858
46.4132
56.0448
59.5742
40.8138
58.7357
58.77
52.776
47.4535
62.7103
48.1806
65.9058
63.7311
66.0311
62.6681
65.9848
63.547
62.1277
65.1512
67.2734
67.2529
67.4364
65.3844
65.8065
67.956
69.2763
67.962
57.3657
73.3046
65.039
67.3218
63.4888
66.0076
63.2846
64.4763
52.2663
61.9293
63.7124
60.5393
60.5066
58.298
57.9579
58.4755
60.1449
60.0962
60.0753
59.5868
59.9587
61.8074
62.2061
63.1441
63.4494
60.2152
58.2479
60.1707
59.425
57.8304
57.0451
57.6587
62.0345
60.177
61.3083
59.4943
60.6709
61.2038
60.6061
14.7195
61.0172
50.4694
62.4144
60.7524
27.5163
44.9124
40.6785
26.174
54.9071
21.1611
63.1701
62.5525
62.6154
19.4065
60.2879
57.8058
62.0583
63.0355
64.7827
62.1829
53.6331
62.8569
62.5462
63.2694
64.4134
48.8019
43.9279
38.5664
22.2956
66.9069
66.478
65.4353
66.6603
34.7427
34.0784
68.2942
69.4144
67.6751
21.7545
70.6045
34.2715
65.9767
67.8825
65.4714
62.835
62.3807
67.2511
32.1258
34.555
62.4994
61.1508
58.2064
57.4411
57.0628
58.2116
56.2729
53.144
51.4336
51.9286
49.1513
54.3074
55.0321
55.8778
54.813
58.1713
56.4873
61.0656
55.8155
61.203
34.9753
61.3518
45.3489
52.3329
36.7063
63.8704
64.9083
63.0013
63.7489
65.4542
33.0828
40.1194
70.6053
50.3029
51.8303
60.919
69.0343
69.6413
69.986
71.7873
72.3668
50.125
69.6025
10.0103
67.5632
66.1749
66.3261
66.1038
66.0379
8.07413
66.8226
65.8396
66.7139
66.4744
69.4365
70.9297
71.0297
68.339
69.4677
70.2819
70.4492
70.3804
70.1387
71.4054
71.6019
54.0861
41.209
37.0461
70.4519
70.9015
16.0612
74.4785
73.3502
70.8732
70.1276
73.1859
74.0717
58.6939
74.1815
39.7299
70.8503
69.8965
47.3374
66.5849
71.824
43.0471
70.8355
18.141
66.7662
21.2393
29.7479
29.4078
57.6551
71.4391
71.3294
70.1888
70.942
68.5273
68.6497
68.7582
72.11
69.9938
70.6947
68.4274
68.872
38.701
68.3639
67.8369
69.9889
58.2321
66.2024
68.1401
32.817
44.5034
39.7978
68.5488
67.9971
60.7299
61.3555
69.1673
22.6481
33.9426
69.2659
52.3168
68.2901
20.3312
67.4526
40.1393
50.1911
64.0669
66.0772
68.4
70.0996
42.6486
47.9275
20.2254
51.6583
50.8265
41.7585
61.0901
12.986
14.4878
63.5154
61.9329
39.7086
62.0931
52.0333
51.9301
64.1315
26.4593
63.1305
47.1572
64.0406
63.0291
60.0373
54.5478
50.2752
45.0235
38.5937
37.4869
36.1905
33.8926
31.9222
31.7315
31.7669
31.7537
31.6951
33.5051
