53.8672
48.8806
27.2258
15.93
13.3222
53.5341
54.7104
53.496
53.9606
56.9967
54.7895
54.8722
56.7552
54.7647
57.227
56.6414
53.0054
52.4114
51.8344
53.9705
54.8858
56.0845
19.9045
7.54056
58.4001
20.5461
59.0228
56.4688
58.1637
57.7334
55.884
59.8171
53.3707
60.1306
60.7851
36.2466
18.729
47.8497
46.9505
56.4072
60.8779
60.4302
57.7887
20.9869
55.4334
20.1817
58.1197
54.5732
57.8284
56.9658
56.5735
56.568
57.6312
57.2645
51.9081
56.9712
57.909
59.8596
61.4379
13.554
18.707
23.5196
59.4918
56.4317
48.3764
55.5457
59.5945
27.58
55.5733
44.3595
19.2593
39.2934
51.7459
52.7101
53.7715
46.5248
53.9393
54.1416
57.7874
49.8051
58.6294
63.1901
62.1678
64.7219
61.693
27.6167
63.7984
62.1532
65.5782
64.2874
61.4957
62.7952
62.693
64.8619
61.507
62.0787
62.8777
62.6674
61.8983
64.1796
61.739
63.993
61.119
62.482
61.5983
62.1584
64.5324
29.1302
61.8154
62.1789
63.4022
18.2113
27.3378
29.4355
21.7983
26.9639
62.5128
22.0798
20.4354
25.8015
23.3285
18.4742
20.3721
18.0649
18.6826
23.6656
24.6439
31.7816
18.287
23.149
13.3057
23.2926
23.6998
23.2978
34.1671
30.9764
29.0311
34.1256
23.2953
17.9898
19.7355
34.8929
22.8874
61.0582
28.5917
29.3169
29.3418
22.7041
18.3305
18.6918
29.0652
34.4892
18.5803
28.9291
61.9119
20.9138
63.2769
36.688
17.9419
60.6162
18.7854
70.1733
62.9441
65.4272
59.4984
24.3314
40.9446
31.1288
24.6436
27.5021
27.1907
25.4593
24.0595
19.742
57.7588
54.777
12.1249
47.9845
13.7626
54.8249
59.0478
55.44
64.4599
14.2473
68.0054
69.3616
59.9742
35.7785
71.0891
53.0319
69.661
38.8227
74.0056
71.2639
69.6587
70.1495
66.0013
68.8106
17.1345
66.6584
62.7462
67.4042
68.5973
49.6236
69.1416
60.5713
67.8586
38.5524
67.7038
67.0346
69.0014
70.3303
68.9317
60.0312
61.1013
22.4684
44.6178
70.8472
39.5031
40.3091
55.7388
23.3561
65.4923
28.7414
70.9896
23.8805
11.1103
70.8038
72.2072
37.5324
73.0439
73.9707
65.5052
59.3626
70.6378
70.7597
64.3794
73.5107
69.6212
63.0189
70.3628
61.039
58.2902
73.8374
45.8827
72.5476
70.7207
72.0487
69.834
15.0102
71.402
20.9823
69.0712
69.3822
56.632
69.7412
22.852
58.1132
14.995
71.3419
17.9747
70.2861
50.9881
68.6123
53.2072
22.8145
68.8129
63.8273
40.5564
33.8514
32.6081
32.439
20.7925
54.5685
67.7029
61.5768
46.9837
51.6931
61.9537
52.5616
63.3856
53.356
45.101
52.1919
65.57
48.6015
61.8224
62.4607
59.8015
65.7039
64.3728
64.0391
65.8199
65.2755
30.6899
52.3922
33.42
52.3459
66.6899
63.6132
63.0486
41.0881
62.6323
60.0367
42.6941
31.8666
35.9636
63.5064
52.5765
58.8557
68.0554
56.6424
67.4574
59.8996
66.188
70.8922
68.0323
66.0782
66.0684
66.7361
65.8182
66.2698
65.4171
65.07
64.7901
58.5429
63.9816
63.685
30.3714
64.7861
64.6507
63.7248
63.0871
65.1982
66.6442
57.465
63.4006
66.9711
61.9251
67.1195
64.5154
64.6312
66.0679
67.4636
33.7339
64.103
67.5048
68.6602
65.3609
64.9915
65.3639
65.1658
67.6355
66.7352
66.9794
66.4528
69.2301
68.2468
67.2321
53.0851
41.3822
63.9729
62.4515
65.8753
45.9829
63.6357
60.611
60.8143
63.2814
62.342
58.4469
62.3506
63.7548
65.2069
63.6022
23.9035
60.6511
56.5694
59.1513
52.1897
60.4789
58.0439
57.9546
12.9301
60.8981
62.7112
14.9942
65.0008
66.9692
67.9673
67.0421
67.8947
56.7356
65.1582
27.5947
66.236
69.4794
20.6659
67.3298
67.8508
57.6819
65.0843
65.2522
66.9842
15.7185
66.8631
68.0853
67.4038
23.0217
55.7276
70.6357
46.0695
50.687
66.6494
66.9746
64.2937
40.8402
70.1153
57.8005
68.8623
66.8146
62.0864
54.1737
64.1745
65.8337
65.7099
63.6909
60.2663
62.2332
54.9904
59.3093
18.8972
54.9503
57.4047
54.3936
53.2604
43.7226
52.1603
47.0742
51.7884
52.8127
50.6934
49.2988
49.4464
50.6741
50.8758
51.5699
54.4202
49.2999
46.3347
57.8747
60.4494
61.3841
61.342
63.6864
68.2329
64.9373
67.5322
67.0931
66.9652
69.099
32.1086
16.962
69.2616
55.482
38.8346
58.3248
41.8867
41.7065
73.8677
74.7466
46.3296
54.025
52.1103
48.9198
54.697
56.4905
70.9539
67.1415
71.9659
65.1581
40.9009
39.1511
65.8592
59.265
67.547
66.2734
66.0924
48.8569
51.0916
58.1092
57.0157
56.5085
47.6933
50.4441
49.8446
54.6347
59.1442
57.4209
59.5047
55.1493
41.8341
59.6185
59.2106
59.1492
44.389
18.7241
8.32796
60.8944
43.625
61.1823
59.6717
55.5995
56.8249
54.9165
46.819
50.9609
49.7301
51.18
49.4287
40.6624
17.4352
39.1388
38.5488
12.0777
35.3443
36.0389
58.3329
54.4991
63.4855
63.2512
47.9753
47.4033
46.0644
62.1583
55.8548
52.4286
26.0074
58.7258
51.9143
49.346
23.5068
24.4958
49.6134
47.9249
55.6904
38.5616
38.2162
20.1863
37.8832
40.4249
25.7007
32.7659
43.4144
14.1419
19.1727
56.1838
17.5583
12.5848
53.1149
37.8816
52.4699
46.2337
47.7722
33.9006
50.0831
51.2768
50.1797
52.3431
50.1816
50.9077
37.6881
46.7335
51.2692
48.1383
16.3477
44.0171
17.0318
41.469
42.9876
17.8862
42.0168
19.2004
45.256
45.9561
45.2438
48.1257
46.6522
47.0632
47.7433
49.0775
50.2358
28.21
48.9199
31.6074
39.8369
27.2031
28.2723
42.1937
29.005
32.9415
35.0943
31.455
41.2725
38.1459
41.5607
41.1227
40.3099
39.5247
35.9425
39.9811
39.5345
23.4668
39.7845
38.9622
38.6515
30.2631
35.5165
18.8155
39.39
39.0533
38.013
38.0669
41.7547
41.4506
44.4242
42.4146
45.3737
8.58561
46.1466
45.0009
46.1463
47.6986
24.9651
49.6391
25.2937
50.1167
49.6824
49.2264
31.9077
47.9666
50.6037
40.6364
50.8479
31.6085
50.7072
38.779
42.3696
46.9288
43.0182
35.1441
53.3064
47.4806
53.0603
41.4028
42.5836
31.9178
42.4921
48.703
43.0613
38.7294
46.8289
35.3966
52.6902
44.0875
52.2129
52.7374
50.1716
34.0436
51.001
44.8266
46.8847
32.1119
22.2398
54.3586
56.5827
28.2909
53.2355
39.1174
59.1069
38.953
58.9926
39.5054
62.5599
43.9396
60.6004
63.6637
40.4951
53.0709
68.092
56.2886
68.1515
59.1272
65.1911
64.9604
67.3099
66.3495
61.4428
65.425
54.6474
60.3049
68.4715
67.5501
65.4056
31.5249
54.7871
51.5918
41.339
12.7422
46.2479
31.3171
26.5825
39.956
49.5211
63.5653
38.7928
67.7202
26.5731
36.8638
31.153
59.6
38.6908
25.2931
33.794
33.3121
32.8912
42.2194
48.6836
47.505
53.0362
63.7999
47.8232
50.2064
68.6281
50.4992
57.0111
73.4159
71.24
52.154
57.7312
29.7687
70.8334
72.5831
53.9886
61.9294
61.1184
71.0091
63.0279
58.5342
62.6987
60.4701
57.9777
60.6375
58.22
23.3725
56.7435
58.0326
60.0548
61.1916
62.252
61.2959
62.3774
50.1842
61.819
60.9413
61.1323
57.7373
56.576
58.875
59.1314
56.9688
58.5914
56.9283
54.417
52.6145
54.1789
55.8019
51.0723
53.4351
54.913
53.8012
55.131
16.6058
54.9551
57.0221
64.2323
59.0076
58.3043
57.1638
57.7195
51.8692
54.7773
39.0302
51.9321
53.7839
14.6186
55.0206
56.4221
56.5957
54.4278
55.3519
37.4686
38.2888
54.2095
29.1172
53.3527
57.9205
31.0606
60.8764
46.1559
59.6422
46.0768
41.0358
17.776
29.5505
46.767
51.1011
59.1735
71.2115
69.7874
68.7914
66.8681
63.6161
65.9333
68.0236
65.8844
65.4084
67.6148
64.6895
65.02
64.8905
35.7231
47.0639
46.0272
63.836
56.5625
63.7053
62.9648
61.7559
61.1671
17.1642
16.7684
59.3341
58.3488
61.7823
58.9197
60.8383
58.8046
60.7878
59.7568
60.2684
48.6827
62.8128
62.4832
62.6229
64.541
64.348
56.9934
60.9269
60.9362
50.299
59.4045
56.9692
57.7742
58.5774
59.2982
62.3464
60.8315
62.3599
58.8899
62.1049
35.9424
55.3521
23.9613
62.2147
59.8403
37.7037
35.8265
51.7922
37.0041
36.8808
31.5129
60.6254
62.9752
43.3917
31.4153
53.4754
57.8412
61.9009
47.7765
40.0605
41.5098
54.3567
51.6661
65.1784
64.9832
66.119
49.722
53.9098
42.6158
31.1783
72.6263
31.767
43.7365
68.1711
28.3641
14.6755
64.0781
44.5635
67.0107
37.8092
61.0446
25.6678
67.2329
50.9709
49.4091
46.5425
51.2364
34.3964
36.7048
59.1122
55.809
61.3268
58.5729
57.8226
59.5753
58.3637
53.7054
51.0474
41.8153
51.7117
50.3764
52.1645
17.0952
55.5687
57.4295
55.6565
57.5586
22.7561
49.5801
60.1481
23.6077
50.9973
14.5259
37.5307
63.0572
59.3285
57.6514
63.7978
39.4187
55.761
51.4992
50.17
65.2273
44.9539
61.0762
44.0853
64.3163
52.6667
73.8441
64.0694
61.8603
56.343
65.9859
56.8393
26.0228
62.0362
28.4086
65.2713
47.5074
56.3012
60.007
40.3911
49.9175
39.5567
22.7251
50.7502
39.251
40.9948
38.8564
71.9526
46.8261
51.8596
70.6915
70.4058
73.5206
47.392
24.3527
21.4025
67.062
47.8352
46.6771
60.8612
46.4757
57.9062
72.7526
71.1006
54.6644
46.542
75.4376
39.995
72.4683
54.9699
60.057
50.2071
65.9554
43.1519
54.9816
27.748
39.5314
27.1701
40.2137
42.91
42.2672
48.3046
54.7352
60.743
45.4726
42.077
47.8557
45.8458
71.5414
72.2389
59.652
70.1001
53.5455
22.8686
59.3971
26.0355
55.8498
40.7657
67.4171
72.1205
47.2754
47.5993
10.7885
70.3098
59.0042
33.6705
40.0468
57.8261
28.7173
16.6451
11.0714
61.1935
64.4092
38.3836
49.5799
45.6296
65.6596
52.14
56.0617
70.4135
67.3673
49.6014
64.607
36.9749
43.2902
45.7392
42.8753
54.9442
25.7348
41.6767
63.371
42.8687
46.2443
51.1327
18.3751
19.2607
54.0483
39.631
45.6063
14.2418
64.7564
60.7551
60.6936
38.1401
44.0672
16.4477
41.0059
12.4439
38.3363
16.5556
23.8426
15.7424
12.7822
14.5248
12.5354
14.2224
