20.2847
65.2301
63.1902
58.3658
29.6059
60.0504
60.3072
80.0257
60.4856
58.757
58.9309
66.1415
57.7507
58.6287
61.9539
62.4119
63.8579
76.2314
74.0157
70.2327
60.8144
45.5343
73.081
271.008
71.2757
37.4371
61.9986
60.0464
58.0457
58.8543
82.8056
49.8573
62.8315
63.6322
80.3821
80.5511
39.1667
62.8255
76.782
67.0582
73.5025
61.3656
75.8157
80.0829
58.4248
34.1053
60.2337
59.1788
62.1886
60.8062
60.6653
70.2764
61.1472
64.1272
60.0522
63.1092
63.9922
80.907
52.7235
67.9428
64.093
74.2268
64.7254
65.1229
59.5238
63.523
60.9384
79.9626
61.8765
60.0238
39.9526
60.8635
76.987
76.9119
52.8264
49.4045
73.9871
68.2369
73.9981
75.8325
72.0422
86.1155
85.1294
74.0913
64.6363
52.0343
73.7499
59.6561
75.3845
58.558
79.302
82.1368
64.6235
79.866
57.0199
65.3279
77.9644
104.086
70.9364
67.6975
62.4646
81.702
81.1087
72.3655
91.6001
77.6614
70.2387
62.9659
66.9863
62.6945
90.246
63.2381
64.3095
81.0217
41.8921
56.76
57.6565
92.2704
79.7443
56.6882
74.9798
58.2968
101.027
70.9214
63.731
63.6389
52.6569
86.4299
67.0707
64.394
60.9765
302.087
77.4579
60.7558
48.0696
56.2514
59.1504
89.822
56.3327
65.0402
46.2676
77.3124
68.6385
60.4467
82.778
58.532
74.1489
87.5646
42.4867
54.5183
54.0566
72.4485
79.0112
65.6781
74.0775
89.7901
77.627
100.643
79.5281
63.387
67.08
89.9376
90.0893
74.5298
78.0693
86.5042
47.2762
90.1967
61.1698
61.0389
68.3745
69.1419
66.9931
69.6621
93.5865
92.4348
111.113
87.2936
60.098
80.1396
75.0415
68.3362
79.7745
42.597
30.8938
86.7073
104.319
66.7178
92.0562
110.481
92.7516
79.4369
92.2913
78.9362
87.3666
101.395
74.9881
84.8033
88.0921
88.5429
80.8037
71.1816
71.8516
78.2258
69.8744
90.2222
70.8666
58.0949
81.1129
70.9624
72.9793
75.8873
313.691
96.4351
71.3814
47.1879
33.6787
73.8254
95.0113
88.1183
79.8387
102.278
86.1116
75.6012
90.7252
40.971
46.4609
73.9741
73.9982
94.9541
77.8857
75.7796
69.7992
88.7065
96.1211
79.1444
72.9325
102.811
93.1612
54.4524
80.7628
40.9952
73.3212
78.9646
94.4299
76.3599
91.3398
76.2876
73.0605
34.0823
73.356
41.6774
75.719
93.166
85.267
91.0311
42.273
83.5864
73.9691
73.8796
34.8389
74.1592
89.5019
84.8908
106.104
81.2164
80.9128
84.4407
75.0016
82.4946
75.2266
107.044
40.8716
34.1963
34.8146
70.641
70.7023
69.6601
77.8333
82.9452
83.1944
81.6438
97.021
93.25
35.3433
80.2472
81.6625
76.733
87.6785
71.0679
78.7804
68.7788
92.126
87.3377
73.6596
38.8608
32.0858
68.39
71.8572
67.1988
84.1972
73.2058
75.5544
83.2039
69.0083
76.8993
83.0445
85.6343
91.7526
71.1784
75.252
75.1659
73.6947
68.4791
76.285
91.1968
72.8464
78.287
86.9573
95.6916
77.9318
73.6979
89.0752
84.3525
84.435
71.3636
70.1982
81.7687
56.8319
73.9032
76.4244
87.151
87.6389
89.6157
71.6784
93.0025
78.5593
84.768
71.9269
74.0517
73.3447
71.6369
78.9541
73.4874
90.1523
72.9184
251.229
78.2541
75.143
71.3714
73.3934
81.6499
90.2689
72.5194
76.0649
77.2154
75.1823
77.545
69.0568
68.9122
67.5088
70.2971
78.7342
90.7577
99.7634
70.24
73.3819
79.5857
67.9828
72.5564
77.3164
40.6758
70.1789
73.6792
71.5424
45.6593
66.5393
63.0362
66.7984
78.9652
67.7346
66.8739
76.782
80.1141
87.6365
68.9412
76.9493
68.3892
76.1963
80.395
77.7494
78.7577
88.9359
103.834
87.38
71.6101
69.4138
39.1341
70.1507
118.251
82.1275
71.0578
75.0895
40.0275
76.8199
68.8133
69.8596
72.9019
90.9036
91.6871
72.488
74.8619
90.2787
91.1021
92.491
71.9052
85.3928
86.304
84.1248
74.2966
83.6342
82.2027
89.5483
80.8967
84.3938
81.1339
69.6959
73.2157
72.699
88.569
63.6163
37.9225
74.0748
66.6154
61.9396
60.2882
59.5595
41.2451
71.479
56.3664
60.9268
66.1935
57.4616
66.3249
63.8453
58.5343
59.8169
76.8898
79.8038
78.49
70.9633
71.0913
74.3916
67.7193
69.5977
71.9917
100.075
74.0561
73.271
74.2194
74.368
73.8809
35.6878
82.3094
90.5088
86.5408
76.3044
75.2808
77.0489
80.9003
92.1952
67.221
109.231
83.9302
80.2669
89.6837
102.224
344.106
103.126
101.422
87.1138
83.2488
66.3578
100.749
106.435
91.9281
74.9748
102.426
88.5771
76.4378
75.5698
77.4069
71.4256
82.4255
87.0964
90.6801
72.6415
91.1037
69.0783
81.3347
80.1846
82.5573
74.6791
71.1406
69.8001
65.9578
37.0186
45.1122
73.1132
87.3778
80.1647
77.5827
75.3094
63.4096
79.1766
60.2727
68.5488
70.2618
77.2758
76.2558
58.2292
74.9982
71.8501
80.898
72.3638
78.599
75.1521
75.0161
32.0626
67.061
81.4345
68.0944
68.6735
64.7997
67.0345
67.757
68.9045
64.1808
63.062
61.8499
76.2941
68.9542
70.1911
79.0638
68.6235
73.7043
64.8061
76.037
62.1422
80.301
61.0273
46.7494
34.3834
74.0894
28.5798
80.1029
75.6185
75.3597
77.6347
80.7267
64.8011
68.349
69.1119
55.6383
68.2293
71.8164
50.1644
27.5341
55.9904
75.1344
68.9866
54.9433
68.8999
56.3386
63.8555
64.7497
50.015
28.5489
46.0759
47.8481
45.5569
60.9825
50.5683
60.2572
51.1826
50.212
32.2072
51.0853
51.0539
50.4965
52.7202
56.2865
67.2585
64.4041
65.2566
66.6681
69.113
52.6861
57.053
59.6189
62.2719
64.3862
70.1922
67.274
64.052
51.9759
48.41
63.6039
50.0914
61.984
45.1905
59.6871
57.6549
47.217
47.9464
54.3761
46.6662
27.5359
34.9071
43.9126
44.0451
44.4
43.3213
46.13
46.825
47.8808
49.1824
50.1408
34.4037
49.7219
58.8002
51.6778
60.9942
58.6959
42.3072
44.2619
53.1916
67.667
54.1251
73.2408
70.0063
60.9755
73.2918
65.9373
58.9937
62.5196
78.2047
71.2327
78.5817
52.7962
68.4282
67.5732
67.3114
65.4391
64.7728
58.2917
58.3286
72.0417
68.8009
69.0905
59.3491
59.6684
56.3292
63.174
65.0609
63.8289
77.651
79.6547
85.3543
61.0633
69.4561
65.8589
59.9141
45.3354
74.8478
73.9375
72.6196
85.8105
99.7737
73.4142
89.2264
68.3294
74.2541
71.8222
87.0555
85.0689
90.3541
102.734
71.5427
75.2641
73.4778
72.4922
80.6867
72.115
91.7338
34.0597
74.5119
68.2284
68.5911
93.9018
84.4175
72.2926
85.291
89.4575
78.8215
85.9953
87.2391
79.9074
33.2815
82.3454
54.4117
91.6974
85.9178
90.682
267.713
82.2004
89.5738
89.3742
82.0153
56.2175
72.8222
88.5377
81.2998
88.2332
82.9986
83.0066
93.5395
74.1691
88.4904
86.2789
102.198
88.25
77.2582
75.0841
94.0013
73.9312
40.0127
73.9325
82.2885
83.8265
91.9176
85.7819
90.6095
90.0493
93.0322
86.8904
88.3775
85.4935
89.9806
78.2941
67.1492
93.1139
72.753
62.9973
65.1501
64.6092
64.2369
74.6821
87.6548
68.4519
67.3297
70.3202
87.035
64.8372
75.3043
66.1151
69.4798
77.2106
84.8961
82.5918
75.8465
74.0512
61.3753
72.7816
68.5546
59.726
62.6481
81.2404
72.6184
67.0264
72.6707
51.9549
60.231
78.026
65.5016
83.891
72.406
64.638
89.3056
76.6266
61.1293
63.2611
66.0102
73.2219
237.097
36.0059
64.0757
62.6457
68.1608
61.2594
61.1116
64.6168
78.8163
70.0323
61.9537
71.8209
73.4714
59.8876
64.9943
50.5232
69.8176
68.0199
72.9017
39.011
51.1475
82.9211
69.4059
71.9953
71.1143
85.3153
74.2078
76.1912
82.34
87.7976
81.5045
86.4474
87.5127
80.9091
72.6324
72.3471
70.2637
88.2973
84.8441
101.05
85.2389
91.0675
80.0008
71.7394
71.7088
87.3469
42.8171
71.3274
69.2501
66.933
69.907
76.3971
65.7632
74.2074
66.5131
75.2289
76.7044
88.3342
74.7704
84.136
90.2782
92.1389
91.2982
86.6268
75.3773
71.0152
87.0468
68.3052
65.8865
71.2758
71.501
90.774
71.8552
63.5998
67.1637
84.1907
67.8394
87.5182
79.7786
79.6483
81.7855
76.5815
107.244
65.842
76.6731
73.8232
54.0853
47.3989
83.9691
70.7771
73.0563
65.0562
68.1789
86.2162
76.4997
86.1259
93.0405
82.3478
88.2875
93.905
92.516
75.8181
88.6408
81.2008
48.5889
73.6747
76.6779
78.7303
93.6756
88.5179
76.2945
104.032
113.458
75.9888
76.132
75.2667
109.229
106.265
74.2339
88.2649
77.5585
82.3881
71.6071
83.2565
84.2011
76.9285
81.2327
66.0547
67.5587
62.7932
64.1478
63.4456
64.2068
60.7966
62.0057
83.9918
76.4061
73.8958
69.3621
39.3796
61.2862
61.9889
62.9705
78.1512
86.911
83.872
67.8583
76.3747
71.2386
33.5363
69.4381
49.5181
74.4762
70.5875
69.0661
90.5149
81.7167
99.4178
87.0943
79.3428
75.0599
73.4964
77.1369
76.1619
89.9042
86.7233
87.0289
75.4974
103.036
66.6059
83.8964
83.6575
87.4199
81.6903
90.6872
71.912
87.0064
74.4311
102.162
75.4207
80.3378
41.8043
92.3292
92.6254
91.915
100.112
88.1484
104.436
87.9457
34.4359
88.6147
86.4433
101.647
91.7706
93.2712
93.6772
75.2243
89.0631
91.8669
74.7927
99.863
89.4353
80.6589
107.105
83.9799
87.6732
88.5696
87.8826
78.7909
77.432
73.9578
79.3466
108.937
109.324
82.7009
76.0064
55.6748
49.1399
78.5621
79.1492
82.3415
93.8584
92.683
92.8781
100.905
78.3356
92.0356
88.6036
85.6502
89.3403
98.11
80.8389
92.4914
107.483
85.5475
93.8828
84.5161
79.9915
115.938
63.1264
91.09
52.3495
75.5819
84.5526
49.6211
70.4301
90.3738
64.8393
37.6938
53.9014
80.2052
76.9632
55.9246
93.123
77.5741
78.4482
79.1273
77.5798
76.4926
78.3911
74.8147
85.5145
86.8307
74.1042
71.7197
72.4789
70.0271
69.7842
73.8551
74.9004
71.2292
74.1664
90.943
74.1105
50.15
75.9166
72.9553
72.4009
77.5698
67.123
78.1695
76.0582
66.1102
76.2122
31.5478
59.1069
45.4524
56.917
33.0666
36.5562
58.0483
37.0694
38.9051
29.0499
40.451
