1403638522.827830 0.027805 0.009944 0.262423 0.819109 0.023179 0.570478 -0.055482
1403638522.927830 0.032597 0.009954 0.320664 0.813579 0.018206 0.577135 -0.068367
1403638523.027829 0.034337 0.005265 0.361988 0.809464 0.015226 0.582467 -0.072582
1403638523.127830 0.034423 0.000155 0.386440 0.808005 0.015660 0.584513 -0.072297
1403638523.227829 0.031660 -0.006756 0.389354 0.806475 0.015497 0.587127 -0.068113
1403638523.327830 0.030364 -0.013064 0.368309 0.804140 0.014855 0.591349 -0.058690
1403638523.427830 0.029301 -0.018263 0.330559 0.805033 0.015537 0.590432 -0.055411
1403638523.527829 0.025870 -0.024221 0.283287 0.811789 0.019207 0.581546 -0.049329
1403638523.627830 0.019695 -0.031495 0.231714 0.821578 0.023124 0.568086 -0.041862
1403638523.727829 0.014157 -0.037251 0.182830 0.828345 0.025973 0.558395 -0.036963
1403638523.827830 0.008093 -0.041939 0.137332 0.830704 0.028617 0.554892 -0.034740
1403638523.927830 0.001522 -0.047231 0.097161 0.830105 0.032949 0.555952 -0.027529
1403638524.027829 -0.003353 -0.050839 0.073047 0.831447 0.040657 0.553795 -0.018808
1403638524.127830 -0.006010 -0.050775 0.075462 0.835633 0.048329 0.546950 -0.015076
1403638524.227829 -0.005687 -0.049761 0.110957 0.838737 0.051427 0.541722 -0.020290
1403638524.327830 -0.002844 -0.049802 0.160881 0.837376 0.051667 0.543399 -0.029132
1403638524.427830 0.003092 -0.048855 0.218920 0.832522 0.049987 0.550390 -0.038452
1403638524.527829 0.010228 -0.047412 0.279542 0.824084 0.049550 0.562566 -0.044160
1403638524.627830 0.018571 -0.044884 0.337058 0.815793 0.046295 0.574716 -0.045163
1403638524.727829 0.026334 -0.040688 0.384729 0.810651 0.041211 0.582943 -0.036384
1403638524.827830 0.031680 -0.036009 0.417824 0.807954 0.036238 0.587634 -0.024151
1403638524.927830 0.035067 -0.031326 0.436517 0.806688 0.036416 0.589164 -0.028512
1403638525.027829 0.035489 -0.029142 0.435746 0.804372 0.039979 0.591859 -0.033030
1403638525.127830 0.036671 -0.026715 0.411467 0.801998 0.043849 0.595027 -0.028641
1403638525.227829 0.037933 -0.027456 0.370640 0.802119 0.049031 0.594503 -0.027680
1403638525.327830 0.036773 -0.027622 0.319291 0.807933 0.054056 0.586084 -0.028774
1403638525.427830 0.033472 -0.027249 0.265285 0.819111 0.057795 0.569688 -0.034252
1403638525.527829 0.030291 -0.027592 0.215687 0.830486 0.058857 0.552196 -0.043692
1403638525.627830 0.028117 -0.029403 0.172817 0.836322 0.057299 0.543166 -0.047465
1403638525.727829 0.027685 -0.033064 0.138728 0.836688 0.053536 0.543053 -0.046689
1403638525.827830 0.027497 -0.032855 0.112815 0.833623 0.047769 0.548609 -0.042645
1403638525.927830 0.026636 -0.035515 0.095109 0.830412 0.045161 0.554270 -0.034069
1403638526.027829 0.023982 -0.049106 0.088630 0.830547 0.045066 0.554404 -0.028238
1403638526.127830 0.019339 -0.075708 0.094165 0.833122 0.038995 0.551106 -0.025861
1403638526.227829 0.016170 -0.108556 0.105447 0.834172 0.029713 0.550186 -0.023852
1403638526.327830 0.010799 -0.146592 0.119632 0.831326 0.021202 0.554986 -0.020948
1403638526.427830 0.003154 -0.189683 0.133139 0.826480 0.011572 0.562535 -0.018728
1403638526.527829 -0.006468 -0.236887 0.143345 0.821376 -0.000105 0.570100 -0.018073
1403638526.627830 -0.016900 -0.291062 0.150302 0.815830 -0.009748 0.577993 -0.015830
1403638526.727829 -0.029336 -0.352414 0.155552 0.811688 -0.016773 0.583748 -0.010923
1403638526.827830 -0.044172 -0.417687 0.159115 0.809456 -0.020454 0.586824 -0.000629
1403638526.927830 -0.060639 -0.481065 0.161922 0.810713 -0.024522 0.584916 0.003963
1403638527.027829 -0.075706 -0.541243 0.164496 0.815175 -0.034271 0.578115 0.009858
1403638527.127830 -0.088433 -0.596434 0.168702 0.818978 -0.049230 0.571428 0.017927
1403638527.227829 -0.097633 -0.643373 0.174645 0.818496 -0.063929 0.570328 0.026503
1403638527.327830 -0.101543 -0.676616 0.181347 0.814085 -0.075656 0.574334 0.041003
1403638527.427830 -0.099432 -0.690147 0.186266 0.809391 -0.082035 0.578923 0.054803
1403638527.527829 -0.092228 -0.681612 0.188155 0.807429 -0.084650 0.580656 0.061081
1403638527.627830 -0.077868 -0.647726 0.186556 0.807805 -0.083935 0.580205 0.061379
1403638527.727829 -0.060538 -0.603500 0.184975 0.809212 -0.076147 0.579828 0.056364
1403638527.827830 -0.033893 -0.549675 0.182499 0.814085 -0.065941 0.575573 0.040402
1403638527.927830 -0.014025 -0.490666 0.184889 0.817011 -0.060330 0.572920 0.024821
1403638528.027829 0.003302 -0.433252 0.188118 0.816112 -0.054081 0.575060 0.018506
1403638528.127830 0.019496 -0.375210 0.189412 0.815085 -0.046039 0.577428 0.009619
1403638528.227829 0.037318 -0.321046 0.184958 0.816144 -0.037403 0.576636 0.000237
1403638528.327830 0.064505 -0.276632 0.179725 0.816714 -0.027456 0.576301 -0.010099
1403638528.427830 0.096071 -0.245009 0.173859 0.815209 -0.022286 0.578620 -0.011668
1403638528.527829 0.131471 -0.222201 0.168657 0.815938 -0.022736 0.577621 -0.009049
1403638528.627830 0.167907 -0.203868 0.166043 0.818447 -0.030580 0.573699 -0.008878
1403638528.727829 0.201448 -0.192549 0.167166 0.818518 -0.036578 0.573278 -0.006479
1403638528.827830 0.224295 -0.184029 0.171966 0.817454 -0.043012 0.574371 -0.004070
1403638528.927830 0.230751 -0.177075 0.181691 0.816639 -0.051224 0.574788 -0.009719
1403638529.027829 0.223839 -0.164734 0.196353 0.818213 -0.056649 0.571943 -0.014120
1403638529.127830 0.199783 -0.153342 0.210597 0.818984 -0.053678 0.571293 -0.002771
1403638529.227829 0.168266 -0.136183 0.214550 0.820272 -0.046718 0.569908 0.013244
1403638529.327830 0.132973 -0.116673 0.208623 0.823540 -0.041851 0.565303 0.021484
1403638529.427830 0.098951 -0.093872 0.190783 0.831219 -0.038496 0.554094 0.023936
1403638529.527829 0.071967 -0.079538 0.168953 0.842365 -0.036608 0.537270 0.020515
1403638529.627830 0.050081 -0.067806 0.143094 0.849743 -0.033602 0.525661 0.022109
1403638529.727829 0.033527 -0.063375 0.117161 0.849699 -0.031532 0.525871 0.021856
1403638529.827830 0.024723 -0.054573 0.095030 0.843623 -0.032517 0.535552 0.020636
1403638529.927830 0.018690 -0.047234 0.076638 0.838607 -0.033254 0.543323 0.020815
1403638530.027829 0.021228 -0.043434 0.063477 0.838196 -0.034652 0.543794 0.022690
1403638530.127830 0.031285 -0.042375 0.053682 0.840371 -0.037181 0.540235 0.023262
1403638530.227829 0.045993 -0.043371 0.043841 0.840948 -0.043130 0.538783 0.025666
1403638530.327830 0.060290 -0.045780 0.033715 0.840219 -0.049304 0.539326 0.026998
1403638530.427830 0.073145 -0.049480 0.024790 0.839623 -0.053492 0.539665 0.030559
1403638530.527829 0.083338 -0.053436 0.018226 0.839412 -0.057550 0.539691 0.028433
1403638530.627830 0.089175 -0.057618 0.013253 0.840615 -0.060215 0.537414 0.030435
1403638530.727829 0.092662 -0.060282 0.008023 0.844418 -0.062533 0.531119 0.030990
1403638530.827830 0.095212 -0.062329 0.002796 0.846450 -0.063303 0.527766 0.031276
1403638530.927830 0.097052 -0.063275 -0.000949 0.845517 -0.062961 0.529408 0.029394
1403638531.027829 0.097754 -0.063221 -0.003586 0.842777 -0.062927 0.533823 0.028283
1403638531.127830 0.097136 -0.062164 -0.003760 0.839094 -0.061883 0.539557 0.031149
1403638531.227829 0.097878 -0.061569 -0.004354 0.838163 -0.060689 0.540853 0.035745
1403638531.327830 0.097829 -0.060245 -0.005113 0.834528 -0.060888 0.546372 0.036516
1403638531.427830 0.097841 -0.060411 -0.005262 0.835405 -0.060361 0.545035 0.037300
1403638531.527829 0.097452 -0.060484 -0.005203 0.834664 -0.060917 0.546134 0.036914
1403638531.627830 0.097389 -0.060607 -0.005260 0.834735 -0.060033 0.546071 0.037678
1403638531.727829 0.097384 -0.060610 -0.005301 0.834778 -0.060657 0.545923 0.037868
1403638531.827830 0.097441 -0.060647 -0.005330 0.834703 -0.060935 0.545993 0.038080
1403638531.927830 0.097454 -0.060655 -0.005343 0.834582 -0.061283 0.546127 0.038239
1403638532.027829 0.097484 -0.060687 -0.005370 0.834447 -0.061638 0.546276 0.038506
1403638532.127830 0.097534 -0.060742 -0.005369 0.834369 -0.061855 0.546354 0.038721
1403638532.227829 0.097493 -0.060796 -0.005367 0.834346 -0.061849 0.546363 0.039107
1403638532.327830 0.097523 -0.060875 -0.005357 0.834250 -0.061940 0.546476 0.039420
1403638532.427830 0.097514 -0.060949 -0.005345 0.834176 -0.062018 0.546561 0.039687
1403638532.527829 0.097521 -0.060989 -0.005342 0.834116 -0.062153 0.546625 0.039854
1403638532.627830 0.097541 -0.061030 -0.005356 0.834069 -0.062302 0.546668 0.040018
1403638532.727829 0.097538 -0.061043 -0.005366 0.834002 -0.062419 0.546747 0.040136
1403638532.827830 0.097559 -0.061061 -0.005348 0.833954 -0.062526 0.546802 0.040227
1403638532.927830 0.097539 -0.061072 -0.005351 0.833927 -0.062536 0.546832 0.040376
1403638533.027829 0.097550 -0.061113 -0.005341 0.833869 -0.062624 0.546899 0.040517
1403638533.127830 0.097545 -0.061132 -0.005339 0.833846 -0.062678 0.546923 0.040585
1403638533.227829 0.097546 -0.061163 -0.005351 0.833790 -0.062771 0.546988 0.040722
1403638533.327830 0.097559 -0.061178 -0.005340 0.833736 -0.062828 0.547054 0.040848
1403638533.427830 0.097543 -0.061189 -0.005357 0.833719 -0.062876 0.547076 0.040829
1403638533.527829 0.097558 -0.061190 -0.005354 0.833700 -0.062880 0.547103 0.040855
1403638533.627830 0.097562 -0.061239 -0.005340 0.833646 -0.062940 0.547164 0.041045
1403638533.727829 0.097540 -0.061239 -0.005342 0.833652 -0.062984 0.547143 0.041126
1403638533.827830 0.097555 -0.061272 -0.005342 0.833574 -0.063089 0.547248 0.041168
1403638533.927830 0.097602 -0.061268 -0.005396 0.833616 -0.062971 0.547200 0.041132
1403638534.027829 0.097571 -0.061271 -0.005387 0.833569 -0.063127 0.547247 0.041221
1403638534.127830 0.097546 -0.061282 -0.005360 0.833616 -0.063284 0.547150 0.041313
1403638534.227829 0.097531 -0.061253 -0.005350 0.833604 -0.063317 0.547176 0.041157
1403638534.327830 0.097560 -0.061224 -0.005321 0.833653 -0.063244 0.547125 0.040951
1403638534.427830 0.097555 -0.061210 -0.005324 0.833724 -0.063285 0.547015 0.040922
1403638534.527829 0.097537 -0.061265 -0.005308 0.833730 -0.063571 0.546952 0.041194
1403638534.627830 0.097563 -0.061248 -0.005267 0.833792 -0.063183 0.546915 0.041028
1403638534.727829 0.097582 -0.061242 -0.005270 0.833805 -0.062939 0.546935 0.040861
1403638534.827830 0.097571 -0.061244 -0.005268 0.833777 -0.063006 0.546964 0.040935
1403638534.927830 0.097543 -0.061285 -0.005281 0.833778 -0.063201 0.546921 0.041197
1403638535.027829 0.097548 -0.061306 -0.005269 0.833802 -0.063158 0.546895 0.041130
1403638535.127830 0.097543 -0.061308 -0.005254 0.833835 -0.063104 0.546851 0.041120
1403638535.227829 0.097536 -0.061316 -0.005266 0.833818 -0.063106 0.546882 0.041053
1403638535.327830 0.097534 -0.061315 -0.005263 0.833838 -0.063126 0.546850 0.041041
1403638535.427830 0.097531 -0.061291 -0.005245 0.833836 -0.063066 0.546858 0.041076
1403638535.527829 0.097542 -0.061282 -0.005244 0.833824 -0.063104 0.546875 0.041034
1403638535.627830 0.097542 -0.061273 -0.005250 0.833844 -0.063051 0.546852 0.041017
1403638535.727829 0.097541 -0.061276 -0.005245 0.833840 -0.063083 0.546855 0.041008
1403638535.827830 0.097542 -0.061279 -0.005253 0.833838 -0.063042 0.546868 0.040934
1403638535.927830 0.097530 -0.061263 -0.005254 0.833850 -0.063057 0.546851 0.040890
1403638536.027829 0.097532 -0.061276 -0.005248 0.833856 -0.063046 0.546848 0.040815
1403638536.127830 0.097533 -0.061271 -0.005247 0.833863 -0.063070 0.546837 0.040805
1403638536.227829 0.097548 -0.061277 -0.005233 0.833858 -0.063069 0.546847 0.040765
1403638536.327830 0.097544 -0.061272 -0.005253 0.833797 -0.063025 0.546948 0.040718
1403638536.427830 0.097543 -0.061262 -0.005256 0.833789 -0.063058 0.546955 0.040743
1403638536.527829 0.097543 -0.061266 -0.005242 0.833807 -0.063001 0.546938 0.040690
1403638536.627830 0.097530 -0.061246 -0.005246 0.833763 -0.063071 0.546997 0.040681
1403638536.727829 0.097537 -0.061253 -0.005250 0.833757 -0.062996 0.547012 0.040735
1403638536.827830 0.097534 -0.061274 -0.005258 0.833742 -0.063032 0.547031 0.040720
1403638536.927830 0.097532 -0.061291 -0.005257 0.833719 -0.063032 0.547066 0.040718
1403638537.027829 0.097541 -0.061287 -0.005240 0.833741 -0.063017 0.547033 0.040728
1403638537.127830 0.097557 -0.061281 -0.005226 0.833671 -0.063010 0.547127 0.040926
1403638537.227829 0.097557 -0.061266 -0.005211 0.833685 -0.063081 0.547097 0.040927
1403638537.327830 0.097565 -0.061264 -0.005214 0.833656 -0.063075 0.547144 0.040897
1403638537.427830 0.097569 -0.061255 -0.005218 0.833644 -0.063036 0.547170 0.040850
1403638537.527829 0.097577 -0.061239 -0.005199 0.833655 -0.062988 0.547156 0.040886
1403638537.627830 0.097579 -0.061224 -0.005169 0.833661 -0.062874 0.547154 0.040979
1403638537.727829 0.097581 -0.061265 -0.005155 0.833710 -0.062919 0.547069 0.041027
1403638537.827830 0.097575 -0.061243 -0.005133 0.833689 -0.062934 0.547100 0.041019
1403638537.927830 0.097598 -0.061246 -0.005145 0.833645 -0.062911 0.547172 0.040993
1403638538.027829 0.097587 -0.061257 -0.005093 0.833718 -0.062946 0.547055 0.041027
1403638538.127830 0.097577 -0.061248 -0.005080 0.833630 -0.062901 0.547186 0.041135
1403638538.227829 0.097598 -0.061246 -0.005095 0.833638 -0.062947 0.547167 0.041164
1403638538.327830 0.097584 -0.061255 -0.005111 0.833633 -0.062863 0.547183 0.041166
1403638538.427830 0.097656 -0.061231 -0.005035 0.833509 -0.062944 0.547354 0.041293
1403638538.527829 0.097618 -0.061256 -0.004943 0.833504 -0.062987 0.547358 0.041271
1403638538.627830 0.097565 -0.061283 -0.004852 0.833317 -0.063073 0.547620 0.041443
1403638538.727829 0.097532 -0.061374 -0.004723 0.832960 -0.063102 0.548137 0.041746
1403638538.827830 0.098314 -0.061210 -0.004588 0.832420 -0.062575 0.549053 0.041255
1403638538.927830 0.100547 -0.060986 -0.002906 0.829547 -0.061904 0.553446 0.041443
1403638539.027829 0.103908 -0.060887 0.000270 0.824875 -0.062463 0.560235 0.042613
1403638539.127830 0.109871 -0.061022 0.006140 0.818205 -0.063804 0.569794 0.042486
1403638539.227829 0.117625 -0.060746 0.017914 0.813431 -0.063131 0.576671 0.042359
1403638539.327830 0.125582 -0.060565 0.037795 0.812513 -0.062844 0.578034 0.041846
1403638539.427830 0.133788 -0.060817 0.064502 0.814144 -0.061794 0.575856 0.041725
1403638539.527829 0.141280 -0.060932 0.097295 0.816135 -0.060675 0.573177 0.041349
1403638539.627830 0.149115 -0.061319 0.130109 0.816821 -0.059740 0.572358 0.040499
1403638539.727829 0.157402 -0.061706 0.153297 0.817473 -0.058758 0.571571 0.039898
1403638539.827830 0.166792 -0.061736 0.165712 0.819104 -0.057444 0.569378 0.039728
1403638539.927830 0.178340 -0.061393 0.174712 0.822982 -0.056833 0.563910 0.038418
1403638540.027829 0.192999 -0.061523 0.183525 0.828413 -0.057417 0.555932 0.037086
1403638540.127830 0.212483 -0.061864 0.191698 0.834287 -0.057327 0.547110 0.036728
1403638540.227829 0.239532 -0.062699 0.201038 0.834226 -0.056097 0.547296 0.037250
1403638540.327830 0.284157 -0.069114 0.205005 0.828065 -0.054924 0.556644 0.037929
1403638540.427830 0.323389 -0.070425 0.214565 0.823499 -0.050948 0.563792 0.037309
1403638540.527829 0.372728 -0.072927 0.216030 0.823168 -0.042253 0.565328 0.031822
1403638540.627830 0.420312 -0.072496 0.221144 0.823510 -0.028266 0.566127 0.023085
1403638540.727829 0.470518 -0.071682 0.226117 0.822881 -0.006600 0.567956 0.015820
1403638540.827830 0.521333 -0.067170 0.231603 0.822462 0.019934 0.568430 0.006772
1403638540.927830 0.572973 -0.058577 0.234682 0.821691 0.048200 0.567869 -0.005031
1403638541.027829 0.625912 -0.045298 0.236123 0.820155 0.070918 0.567374 -0.020077
1403638541.127830 0.679176 -0.028279 0.235153 0.817938 0.087275 0.567730 -0.032302
1403638541.227829 0.734748 -0.008771 0.229878 0.817197 0.098358 0.566489 -0.040048
1403638541.327830 0.789369 0.016272 0.226772 0.816844 0.104529 0.565555 -0.044570
1403638541.427830 0.843709 0.047246 0.230371 0.816938 0.105698 0.565012 -0.046932
1403638541.527829 0.896379 0.082789 0.238857 0.815755 0.106450 0.566681 -0.045668
1403638541.627830 0.952265 0.126255 0.255715 0.814212 0.108619 0.568420 -0.046472
1403638541.727829 1.008050 0.174359 0.278855 0.812408 0.112908 0.569536 -0.053614
1403638541.827830 1.062720 0.229314 0.310356 0.811455 0.119289 0.568315 -0.065797
1403638541.927830 1.114241 0.287004 0.343361 0.810417 0.130901 0.565742 -0.077622
1403638542.027829 1.163329 0.346298 0.370760 0.808749 0.146731 0.562241 -0.090998
1403638542.127830 1.209395 0.405315 0.391454 0.806008 0.166568 0.558107 -0.105465
1403638542.227829 1.256089 0.465612 0.406220 0.802254 0.187752 0.553436 -0.121849
1403638542.327830 1.304468 0.528077 0.416102 0.797216 0.211315 0.548821 -0.136336
1403638542.427830 1.353451 0.590663 0.422600 0.786178 0.231962 0.553758 -0.146526
1403638542.527829 1.399382 0.653031 0.426787 0.772802 0.251378 0.563778 -0.147447
1403638542.627830 1.441411 0.719533 0.430184 0.764434 0.266134 0.569044 -0.144917
1403638542.727829 1.472865 0.786206 0.436792 0.764931 0.270752 0.565021 -0.149416
1403638542.827830 1.500561 0.860061 0.451923 0.769553 0.267823 0.557538 -0.158781
1403638542.927830 1.521547 0.936596 0.473675 0.775067 0.264462 0.549686 -0.164853
1403638543.027829 1.536992 1.013632 0.502314 0.779047 0.261740 0.544371 -0.168043
1403638543.127830 1.551784 1.092556 0.528503 0.781314 0.258523 0.542047 -0.169998
1403638543.227829 1.564341 1.168367 0.550764 0.782165 0.257062 0.541652 -0.169556
1403638543.327830 1.579460 1.248141 0.564784 0.782792 0.254793 0.541757 -0.169756
1403638543.427830 1.596023 1.330994 0.575306 0.782804 0.256122 0.540804 -0.170735
1403638543.527829 1.609584 1.411844 0.585762 0.781041 0.263332 0.538605 -0.174744
1403638543.627830 1.624349 1.495294 0.587193 0.776577 0.278933 0.535476 -0.179972
1403638543.727829 1.637267 1.577978 0.592234 0.769759 0.298373 0.531587 -0.189366
1403638543.827830 1.648041 1.661386 0.600824 0.759981 0.321585 0.528411 -0.199482
1403638543.927830 1.656425 1.742284 0.616523 0.750491 0.342514 0.523010 -0.214262
1403638544.027829 1.665770 1.823271 0.637812 0.743936 0.357221 0.516080 -0.229377
1403638544.127830 1.676920 1.906277 0.660392 0.740437 0.366657 0.508999 -0.241319
1403638544.227829 1.689674 1.990506 0.679245 0.737590 0.371112 0.505216 -0.250985
1403638544.327830 1.705402 2.080619 0.691925 0.735877 0.374226 0.503249 -0.255304
1403638544.427830 1.721326 2.168335 0.699269 0.736486 0.375425 0.500911 -0.256383
1403638544.527829 1.739022 2.259689 0.706348 0.735709 0.375493 0.502460 -0.255483
1403638544.627830 1.757077 2.353561 0.714385 0.730383 0.374844 0.508456 -0.259816
1403638544.727829 1.775566 2.447894 0.728936 0.725893 0.374947 0.512972 -0.263350
1403638544.827830 1.791433 2.540032 0.748018 0.727592 0.376901 0.509671 -0.262280
1403638544.927830 1.807102 2.630651 0.760508 0.730472 0.378332 0.505064 -0.261123
1403638545.027829 1.824848 2.721712 0.766746 0.729853 0.378567 0.505050 -0.262539
1403638545.127830 1.839797 2.810198 0.769206 0.728754 0.378825 0.505936 -0.263511
1403638545.227829 1.856486 2.896761 0.762952 0.728994 0.380589 0.504853 -0.262378
1403638545.327830 1.872326 2.984180 0.754109 0.726901 0.381071 0.507187 -0.262985
1403638545.427830 1.889029 3.070719 0.737252 0.725879 0.380274 0.508231 -0.264938
1403638545.527829 1.907544 3.163775 0.724078 0.724587 0.383774 0.505863 -0.267943
1403638545.627830 1.921152 3.248332 0.716817 0.720999 0.392735 0.500227 -0.275122
1403638545.727829 1.937134 3.331487 0.712104 0.714731 0.406898 0.493242 -0.283384
1403638545.827830 1.953611 3.414510 0.717391 0.704221 0.425422 0.486687 -0.293641
1403638545.927830 1.969237 3.499552 0.728861 0.692570 0.446645 0.477985 -0.303951
1403638546.027829 1.985388 3.585773 0.746620 0.680337 0.467297 0.470279 -0.312431
1403638546.127830 2.003540 3.676701 0.762005 0.669696 0.483384 0.465103 -0.318631
1403638546.227829 2.020129 3.770289 0.770834 0.663337 0.492646 0.459551 -0.325726
1403638546.327830 2.035765 3.864785 0.772779 0.660177 0.497411 0.454687 -0.331674
1403638546.427830 2.050023 3.960465 0.769433 0.659822 0.498530 0.450461 -0.336434
1403638546.527829 2.063296 4.055394 0.762673 0.658763 0.500378 0.449086 -0.337603
1403638546.627830 2.075863 4.150701 0.759622 0.655004 0.505419 0.447358 -0.339694
1403638546.727829 2.087637 4.249466 0.764785 0.650093 0.511254 0.445042 -0.343419
1403638546.827830 2.099385 4.351165 0.779910 0.645736 0.517050 0.444049 -0.344246
1403638546.927830 2.108755 4.455063 0.798397 0.642653 0.521259 0.443424 -0.344473
1403638547.027829 2.117515 4.560261 0.811498 0.639565 0.525112 0.444471 -0.343015
1403638547.127830 2.122430 4.664577 0.816905 0.636822 0.529112 0.446263 -0.339630
1403638547.227829 2.125682 4.772636 0.818949 0.635557 0.531116 0.447233 -0.337588
1403638547.327830 2.121858 4.877940 0.814399 0.634603 0.531937 0.448454 -0.336468
1403638547.427830 2.115345 4.987127 0.809325 0.637961 0.528033 0.444415 -0.341587
1403638547.527829 2.106199 5.095968 0.800878 0.641235 0.524005 0.440744 -0.346382
1403638547.627830 2.092664 5.197930 0.783963 0.643368 0.521487 0.438676 -0.348845
1403638547.727829 2.082070 5.312415 0.765307 0.643751 0.521085 0.439757 -0.347374
1403638547.827830 2.064754 5.412255 0.739115 0.641472 0.523406 0.443443 -0.343392
1403638547.927830 2.049774 5.528447 0.714494 0.641269 0.523371 0.444114 -0.342957
1403638548.027829 2.031602 5.644780 0.695566 0.640702 0.524447 0.442623 -0.344298
1403638548.127830 2.007934 5.759083 0.683380 0.637876 0.528380 0.439192 -0.347907
1403638548.227829 1.986649 5.887403 0.681967 0.632645 0.535104 0.433847 -0.353836
1403638548.327830 1.961932 6.010550 0.688014 0.624683 0.544959 0.426680 -0.361573
1403638548.427830 1.936634 6.136502 0.702514 0.615098 0.557316 0.418463 -0.368704
1403638548.527829 1.912341 6.264925 0.718942 0.606622 0.566023 0.412154 -0.376506
1403638548.627830 1.887336 6.392984 0.731707 0.599395 0.573050 0.408193 -0.381731
1403638548.727829 1.865150 6.509520 0.743116 0.594785 0.577800 0.404579 -0.385608
1403638548.827830 1.840975 6.637946 0.753403 0.591875 0.580950 0.402069 -0.387972
1403638548.927830 1.816478 6.763614 0.772123 0.590206 0.582326 0.400660 -0.389903
1403638549.027829 1.789421 6.893361 0.794258 0.589530 0.584135 0.399905 -0.388994
1403638549.127830 1.764119 7.015619 0.824713 0.589947 0.582732 0.399092 -0.391295
1403638549.227829 1.736991 7.143748 0.859374 0.590007 0.582261 0.399309 -0.391684
1403638549.327830 1.710968 7.275377 0.900650 0.591237 0.580430 0.398634 -0.393232
1403638549.427830 1.684086 7.402543 0.941501 0.592459 0.577938 0.397986 -0.395711
1403638549.527829 1.658794 7.534497 0.978706 0.593743 0.576505 0.397375 -0.396490
1403638549.627830 1.633647 7.668462 1.008651 0.592950 0.574603 0.399342 -0.398457
1403638549.727829 1.611394 7.802051 1.036915 0.592426 0.574539 0.401372 -0.397287
1403638549.827830 1.589922 7.936533 1.067075 0.594115 0.574103 0.399381 -0.397402
1403638549.927830 1.568510 8.074327 1.106281 0.594946 0.574914 0.398938 -0.395427
1403638550.027829 1.549131 8.215378 1.152889 0.595936 0.574263 0.397741 -0.396086
1403638550.127830 1.529375 8.359717 1.207295 0.596845 0.573757 0.396038 -0.397155
1403638550.227829 1.512477 8.503173 1.268665 0.596641 0.574490 0.395465 -0.396974
1403638550.327830 1.495588 8.649725 1.337439 0.595787 0.575283 0.396320 -0.396254
1403638550.427830 1.480979 8.795232 1.401771 0.595313 0.574391 0.396139 -0.398436
1403638550.527829 1.467398 8.941121 1.459698 0.596579 0.572854 0.393925 -0.400942
1403638550.627830 1.456609 9.086115 1.508710 0.595836 0.569758 0.394770 -0.405602
1403638550.727829 1.449432 9.230449 1.556545 0.594645 0.566847 0.396430 -0.409786
1403638550.827830 1.446613 9.370261 1.594103 0.592365 0.564104 0.400080 -0.413312
1403638550.927830 1.447497 9.509797 1.631081 0.587865 0.559306 0.406881 -0.419571
1403638551.027829 1.449597 9.643900 1.661616 0.584771 0.555497 0.411229 -0.424684
1403638551.127830 1.454309 9.770691 1.691139 0.583895 0.553097 0.412424 -0.427851
1403638551.227829 1.463426 9.886211 1.724465 0.584317 0.551080 0.410668 -0.431551
1403638551.327830 1.478637 9.997975 1.766118 0.588739 0.550160 0.408421 -0.428839
1403638551.427830 1.497665 10.108527 1.805571 0.599245 0.543543 0.408125 -0.422966
1403638551.527829 1.525295 10.215073 1.843336 0.613882 0.530735 0.410655 -0.415732
1403638551.627830 1.557969 10.325015 1.875872 0.630310 0.512723 0.414821 -0.409570
1403638551.727829 1.600262 10.427105 1.904333 0.645497 0.494222 0.421644 -0.401615
1403638551.827830 1.651610 10.526348 1.926083 0.658880 0.476279 0.430604 -0.391939
1403638551.927830 1.710609 10.617634 1.946686 0.665619 0.465390 0.442820 -0.379835
1403638552.027829 1.776122 10.701341 1.973417 0.667387 0.459098 0.455611 -0.369111
1403638552.127830 1.845071 10.774500 2.005412 0.670392 0.455211 0.461284 -0.361352
1403638552.227829 1.917310 10.840388 2.042240 0.675328 0.453125 0.459770 -0.356682
1403638552.327830 1.992276 10.898417 2.081078 0.677985 0.451851 0.458705 -0.354621
1403638552.427830 2.071959 10.954515 2.116580 0.676428 0.446862 0.461390 -0.360387
1403638552.527829 2.152887 10.993324 2.146291 0.672837 0.442107 0.465773 -0.367269
1403638552.627830 2.239259 11.030718 2.171084 0.669315 0.440702 0.469383 -0.370781
1403638552.727829 2.327876 11.057394 2.188417 0.668508 0.442622 0.468865 -0.370606
1403638552.827830 2.420427 11.076541 2.201186 0.667292 0.445751 0.468599 -0.369381
1403638552.927830 2.516863 11.092593 2.208496 0.665823 0.451473 0.468308 -0.365431
1403638553.027829 2.615194 11.099997 2.212521 0.663485 0.457541 0.469455 -0.360632
1403638553.127830 2.714050 11.104957 2.212240 0.660512 0.459966 0.470925 -0.361090
1403638553.227829 2.813287 11.102767 2.210660 0.655368 0.456349 0.475262 -0.369276
1403638553.327830 2.913204 11.093773 2.211710 0.649480 0.454907 0.480904 -0.374123
1403638553.427830 3.011990 11.074316 2.218459 0.644232 0.457775 0.486866 -0.371980
1403638553.527829 3.109353 11.044617 2.231208 0.639738 0.461226 0.491921 -0.368808
1403638553.627830 3.202442 10.999385 2.247767 0.636749 0.463912 0.495460 -0.365864
1403638553.727829 3.292696 10.944395 2.271861 0.636379 0.465914 0.495210 -0.364297
1403638553.827830 3.380105 10.881215 2.302733 0.637732 0.467883 0.493221 -0.362099
1403638553.927830 3.458489 10.806584 2.336932 0.639585 0.469150 0.491206 -0.359926
1403638554.027829 3.541890 10.733358 2.372938 0.644193 0.468951 0.485010 -0.360370
1403638554.127830 3.612763 10.645339 2.398559 0.645986 0.470655 0.482713 -0.358014
1403638554.227829 3.693740 10.566779 2.425063 0.651079 0.476904 0.475733 -0.349766
1403638554.327830 3.761048 10.473916 2.439108 0.655608 0.482208 0.469295 -0.342661
1403638554.427830 3.836953 10.394266 2.457071 0.658041 0.485272 0.465386 -0.338982
1403638554.527829 3.905247 10.312691 2.469833 0.658811 0.486655 0.464003 -0.337396
1403638554.627830 3.969888 10.230804 2.478830 0.660600 0.485216 0.460907 -0.340203
1403638554.727829 4.031430 10.144023 2.489952 0.661457 0.481497 0.459342 -0.345890
1403638554.827830 4.094084 10.063724 2.508084 0.662276 0.478833 0.457527 -0.350397
1403638554.927830 4.156922 9.980589 2.528431 0.662528 0.476275 0.457260 -0.353740
1403638555.027829 4.221061 9.897183 2.545244 0.664283 0.471975 0.458910 -0.354074
1403638555.127830 4.289528 9.819246 2.558936 0.668900 0.467125 0.461923 -0.347842
1403638555.227829 4.357266 9.732940 2.563615 0.675734 0.458825 0.464789 -0.341811
1403638555.327830 4.427980 9.652092 2.568331 0.681006 0.451973 0.468135 -0.335860
1403638555.427830 4.501271 9.567078 2.568953 0.683202 0.449116 0.473131 -0.328141
1403638555.527829 4.573137 9.482281 2.564175 0.685288 0.445516 0.475543 -0.325199
1403638555.627830 4.645417 9.397437 2.561386 0.686342 0.444055 0.476984 -0.322855
1403638555.727829 4.716595 9.311516 2.566381 0.687829 0.442729 0.475873 -0.323153
1403638555.827830 4.786898 9.224709 2.581230 0.688170 0.443892 0.475310 -0.321654
1403638555.927830 4.856590 9.137152 2.599385 0.687865 0.445425 0.475262 -0.320258
1403638556.027829 4.927460 9.058448 2.625161 0.686721 0.446807 0.476277 -0.319277
1403638556.127830 4.998432 8.977452 2.650475 0.688710 0.447897 0.473210 -0.318024
1403638556.227829 5.069689 8.902589 2.669098 0.693336 0.449138 0.466683 -0.315859
1403638556.327830 5.142029 8.825548 2.682916 0.695928 0.449764 0.462856 -0.314898
1403638556.427830 5.214860 8.760941 2.695048 0.697943 0.450474 0.459867 -0.313801
1403638556.527829 5.291725 8.693478 2.705504 0.701473 0.451806 0.455053 -0.311022
1403638556.627830 5.367548 8.641099 2.716714 0.704631 0.448008 0.451036 -0.315199
1403638556.727829 5.446457 8.594876 2.731221 0.704273 0.441905 0.452346 -0.322649
1403638556.827830 5.531717 8.540780 2.754283 0.701433 0.437531 0.456510 -0.328872
1403638556.927830 5.620504 8.498611 2.783051 0.700159 0.434093 0.458388 -0.333498
1403638557.027829 5.715951 8.454131 2.810156 0.698907 0.433483 0.460018 -0.334670
1403638557.127830 5.817440 8.407966 2.830204 0.697140 0.435764 0.462281 -0.332268
1403638557.227829 5.922418 8.355299 2.844122 0.695757 0.436845 0.464048 -0.331282
1403638557.327830 6.029698 8.310433 2.851606 0.694906 0.438117 0.464959 -0.330110
1403638557.427830 6.139927 8.263609 2.858591 0.692891 0.441093 0.467515 -0.326755
1403638557.527829 6.251920 8.217464 2.870363 0.690142 0.445468 0.471404 -0.320999
1403638557.627830 6.362775 8.170979 2.887782 0.687950 0.447958 0.474501 -0.317660
1403638557.727829 6.472227 8.127199 2.909874 0.687294 0.448671 0.475550 -0.316501
1403638557.827830 6.580214 8.084010 2.930223 0.687048 0.449453 0.476493 -0.314501
1403638557.927830 6.687620 8.040607 2.944241 0.687323 0.451165 0.476308 -0.311718
1403638558.027829 6.794008 7.998042 2.951141 0.689989 0.452231 0.472453 -0.310146
1403638558.127830 6.899954 7.956009 2.953763 0.695055 0.453170 0.465354 -0.308190
1403638558.227829 7.007299 7.917711 2.957654 0.701255 0.454499 0.456542 -0.305355
1403638558.327830 7.116252 7.885690 2.969357 0.702940 0.456873 0.454289 -0.301270
1403638558.427830 7.225220 7.860935 2.991915 0.705332 0.460469 0.450917 -0.295209
1403638558.527829 7.334262 7.844313 3.021037 0.708520 0.462015 0.446514 -0.291835
1403638558.627830 7.446035 7.837247 3.057144 0.709774 0.458066 0.445376 -0.296711
1403638558.727829 7.561124 7.839085 3.096340 0.710322 0.450211 0.445437 -0.307146
1403638558.827830 7.676837 7.848292 3.131544 0.709835 0.445913 0.446796 -0.312520
1403638558.927830 7.799670 7.860077 3.158203 0.706705 0.445301 0.451791 -0.313305
1403638559.027829 7.924000 7.876930 3.177692 0.701591 0.445179 0.459414 -0.313887
1403638559.127830 8.048983 7.897473 3.189609 0.697813 0.444912 0.464711 -0.314888
1403638559.227829 8.173239 7.920659 3.194810 0.694537 0.446469 0.468798 -0.313869
1403638559.327830 8.297061 7.945305 3.193264 0.692181 0.448538 0.471508 -0.312057
1403638559.427830 8.418703 7.970635 3.185891 0.689531 0.452212 0.474621 -0.307873
1403638559.527829 8.535781 7.997063 3.174222 0.687643 0.453657 0.476892 -0.306457
1403638559.627830 8.650055 8.024679 3.158264 0.685937 0.454223 0.478653 -0.306697
1403638559.727829 8.761879 8.053626 3.142363 0.685021 0.454792 0.479192 -0.307061
1403638559.827830 8.870125 8.084143 3.131510 0.685581 0.454812 0.477561 -0.308318
1403638559.927830 8.975987 8.116939 3.125699 0.686669 0.452272 0.478275 -0.308526
1403638560.027829 9.082764 8.149496 3.115410 0.692525 0.442827 0.480635 -0.305458
1403638560.127830 9.188718 8.181693 3.098312 0.701554 0.427098 0.486355 -0.298109
1403638560.227829 9.294239 8.214440 3.075033 0.712187 0.407525 0.494620 -0.286469
1403638560.327830 9.397445 8.246013 3.050185 0.721270 0.384654 0.506386 -0.274563
1403638560.427830 9.499377 8.276371 3.022980 0.729384 0.359998 0.519051 -0.262653
1403638560.527829 9.595747 8.304557 2.991385 0.737522 0.334439 0.530760 -0.250011
1403638560.627830 9.687675 8.328480 2.955570 0.747838 0.306445 0.537906 -0.239764
1403638560.727829 9.775441 8.346962 2.918834 0.758039 0.278873 0.541812 -0.232478
1403638560.827830 9.860784 8.358102 2.888265 0.765380 0.255784 0.547245 -0.222016
1403638560.927830 9.945826 8.363189 2.864923 0.771057 0.233110 0.553477 -0.211648
1403638561.027829 10.030492 8.360288 2.849927 0.773475 0.213342 0.562814 -0.198650
1403638561.127830 10.108357 8.347959 2.842069 0.775849 0.193997 0.570513 -0.186918
1403638561.227829 10.187645 8.329557 2.839770 0.776903 0.178513 0.577000 -0.177840
1403638561.327830 10.259674 8.303711 2.844518 0.778432 0.168638 0.579779 -0.171640
1403638561.427830 10.322923 8.269063 2.847177 0.784498 0.168969 0.574917 -0.159631
1403638561.527829 10.386715 8.228006 2.845909 0.788987 0.174077 0.570516 -0.147336
1403638561.627830 10.445922 8.184887 2.837559 0.791741 0.177882 0.567198 -0.140680
1403638561.727829 10.499836 8.139645 2.825161 0.792567 0.180340 0.565618 -0.139253
1403638561.827830 10.551906 8.094694 2.806479 0.792044 0.182315 0.566062 -0.137846
1403638561.927830 10.601682 8.046240 2.783958 0.791986 0.181168 0.567507 -0.133684
1403638562.027829 10.648719 7.998482 2.757247 0.793355 0.173711 0.569200 -0.128156
1403638562.127830 10.693173 7.947167 2.738310 0.795311 0.163945 0.570974 -0.120795
1403638562.227829 10.733347 7.897511 2.724206 0.796634 0.155717 0.572870 -0.113779
1403638562.327830 10.773137 7.849456 2.716360 0.797781 0.145886 0.575027 -0.107738
1403638562.427830 10.809223 7.800462 2.712612 0.799163 0.132040 0.577702 -0.100814
1403638562.527829 10.842357 7.751221 2.715135 0.802088 0.114214 0.578951 -0.091793
1403638562.627830 10.874859 7.701325 2.723795 0.804062 0.091727 0.581522 -0.083085
1403638562.727829 10.902522 7.650216 2.736143 0.806472 0.066750 0.582809 -0.074031
1403638562.827830 10.926650 7.595756 2.746751 0.808078 0.041201 0.584283 -0.062653
1403638562.927830 10.944896 7.537621 2.751788 0.809381 0.017199 0.584999 -0.048820
1403638563.027829 10.959254 7.476547 2.751391 0.809462 -0.005689 0.586004 -0.036600
1403638563.127830 10.969123 7.412113 2.746179 0.809708 -0.029801 0.585336 -0.029446
1403638563.227829 10.977861 7.340322 2.736712 0.807925 -0.045477 0.587302 -0.016256
1403638563.327830 10.976168 7.267941 2.723441 0.803274 -0.056391 0.592902 -0.006225
1403638563.427830 10.970705 7.189628 2.705377 0.794614 -0.064554 0.603669 -0.002286
1403638563.527829 10.958112 7.107254 2.682125 0.792407 -0.067162 0.606282 0.001307
1403638563.627830 10.938797 7.019592 2.662204 0.795099 -0.066300 0.602826 0.004869
1403638563.727829 10.911628 6.927314 2.649304 0.797975 -0.066869 0.598965 0.002389
1403638563.827830 10.879579 6.829443 2.643378 0.799370 -0.066844 0.597108 -0.001408
1403638563.927830 10.841798 6.727199 2.646805 0.798801 -0.065647 0.597983 -0.004752
1403638564.027829 10.799256 6.618686 2.651511 0.798447 -0.063362 0.598659 -0.008632
1403638564.127830 10.748528 6.506278 2.651408 0.798315 -0.059993 0.599127 -0.011902
1403638564.227829 10.692700 6.387691 2.647184 0.797616 -0.054513 0.600571 -0.012312
1403638564.327830 10.634791 6.260064 2.644884 0.796619 -0.047982 0.602484 -0.010496
1403638564.427830 10.566548 6.133399 2.649508 0.794676 -0.044050 0.605337 -0.010805
1403638564.527829 10.493719 6.001042 2.660955 0.794738 -0.041720 0.605398 -0.012014
1403638564.627830 10.409294 5.869385 2.673394 0.796882 -0.042616 0.602415 -0.016105
1403638564.727829 10.321855 5.731505 2.683349 0.798276 -0.045875 0.600174 -0.021033
1403638564.827830 10.226096 5.589152 2.684354 0.798471 -0.048929 0.599568 -0.023817
1403638564.927830 10.128791 5.443182 2.676380 0.797660 -0.051425 0.600349 -0.026004
1403638565.027829 10.022863 5.287618 2.644540 0.797609 -0.052282 0.600284 -0.027320
1403638565.127830 9.914792 5.128632 2.603296 0.798266 -0.052947 0.599309 -0.028236
1403638565.227829 9.804919 4.962210 2.549097 0.799119 -0.052552 0.598222 -0.027879
1403638565.327830 9.690955 4.789653 2.490491 0.800021 -0.051699 0.597194 -0.025548
1403638565.427830 9.573512 4.613519 2.429658 0.800891 -0.050421 0.596232 -0.023229
1403638565.527829 9.452343 4.430621 2.371822 0.798828 -0.048737 0.599319 -0.017735
1403638565.627830 9.328853 4.246247 2.321900 0.797265 -0.045271 0.601859 -0.009219
1403638565.727829 9.201360 4.060844 2.279576 0.798374 -0.038940 0.600894 0.002949
1403638565.827830 9.068352 3.877931 2.244279 0.801336 -0.036417 0.597033 0.009226
1403638565.927830 8.928940 3.697361 2.215386 0.803681 -0.034461 0.593865 0.015276
1403638566.027829 8.786845 3.520289 2.184641 0.804852 -0.035457 0.592198 0.016058
1403638566.127830 8.641964 3.346624 2.146327 0.804986 -0.035864 0.591979 0.016489
1403638566.227829 8.495960 3.176799 2.098633 0.804668 -0.035680 0.592413 0.016862
1403638566.327830 8.350948 3.009548 2.043184 0.805690 -0.035607 0.591044 0.016218
1403638566.427830 8.205779 2.845462 1.980428 0.805570 -0.034350 0.591292 0.015798
1403638566.527829 8.062702 2.686507 1.911756 0.805907 -0.033725 0.590921 0.013764
1403638566.627830 7.920433 2.532730 1.835837 0.812530 -0.032626 0.581885 0.011863
1403638566.727829 7.780380 2.383510 1.753073 0.824816 -0.031644 0.564414 0.010735
1403638566.827830 7.646437 2.234833 1.666683 0.834485 -0.028545 0.550179 0.011086
1403638566.927830 7.519219 2.089426 1.578355 0.840669 -0.025960 0.540819 0.010780
1403638567.027829 7.400492 1.946768 1.487857 0.840485 -0.024654 0.541189 0.009590
1403638567.127830 7.292350 1.810342 1.401323 0.827909 -0.022134 0.560309 0.011397
1403638567.227829 7.186725 1.673111 1.309065 0.816586 -0.020493 0.576712 0.013058
1403638567.327830 7.082491 1.540942 1.211209 0.810941 -0.019238 0.584586 0.016249
1403638567.427830 6.977158 1.412149 1.113005 0.810464 -0.019523 0.585170 0.018507
1403638567.527829 6.871002 1.286340 1.019735 0.813000 -0.020656 0.581549 0.020139
1403638567.627830 6.763800 1.164333 0.935518 0.816854 -0.021759 0.576006 0.022216
1403638567.727829 6.660464 1.047964 0.861507 0.820034 -0.022398 0.571337 0.024810
1403638567.827830 6.561389 0.936326 0.796901 0.824057 -0.022787 0.565418 0.026718
1403638567.927830 6.470003 0.829997 0.740029 0.825606 -0.025366 0.563150 0.024366
1403638568.027829 6.383360 0.729349 0.690373 0.826281 -0.025475 0.562100 0.025575
1403638568.127830 6.301636 0.632805 0.651304 0.825441 -0.023976 0.563266 0.028339
1403638568.227829 6.224780 0.542679 0.621042 0.824763 -0.022905 0.564192 0.030457
1403638568.327830 6.151916 0.456794 0.594835 0.824937 -0.022890 0.563895 0.031256
1403638568.427830 6.080085 0.376194 0.562514 0.826192 -0.023335 0.562029 0.031411
1403638568.527829 6.015120 0.298384 0.528743 0.826990 -0.022799 0.560838 0.032076
1403638568.627830 5.952045 0.225586 0.488284 0.828621 -0.022434 0.558403 0.032712
1403638568.727829 5.894279 0.156541 0.450370 0.830001 -0.020755 0.556321 0.034277
1403638568.827830 5.840132 0.093666 0.418667 0.829966 -0.021761 0.556457 0.032244
1403638568.927830 5.791311 0.036888 0.392701 0.829926 -0.021124 0.556479 0.033297
1403638569.027829 5.747601 -0.014480 0.377340 0.829076 -0.021145 0.557745 0.033273
1403638569.127830 5.706803 -0.063103 0.366431 0.829184 -0.019963 0.557528 0.034898
1403638569.227829 5.669067 -0.107185 0.362871 0.830710 -0.019022 0.555162 0.036808
1403638569.327830 5.637801 -0.143802 0.354080 0.831423 -0.018836 0.554022 0.037957
1403638569.427830 5.608989 -0.178641 0.342631 0.830459 -0.018263 0.555424 0.038836
1403638569.527829 5.588036 -0.205533 0.323977 0.829244 -0.017973 0.557242 0.038904
1403638569.627830 5.571637 -0.227033 0.306496 0.827854 -0.018584 0.559316 0.038451
1403638569.727829 5.560139 -0.242631 0.296211 0.826962 -0.018252 0.560590 0.039249
1403638569.827830 5.551571 -0.251047 0.292903 0.826339 -0.017806 0.561523 0.039226
1403638569.927830 5.547246 -0.254802 0.294797 0.824529 -0.017136 0.564120 0.040320
1403638570.027829 5.546684 -0.252525 0.297650 0.823365 -0.018355 0.565931 0.038133
1403638570.127830 5.548360 -0.245178 0.295922 0.823535 -0.020683 0.565831 0.034597
1403638570.227829 5.551390 -0.235048 0.288023 0.823111 -0.024038 0.566655 0.028509
1403638570.327830 5.556270 -0.223064 0.274511 0.822854 -0.030360 0.567099 0.019694
1403638570.427830 5.562770 -0.210561 0.256712 0.822586 -0.040502 0.566970 0.016025
1403638570.527829 5.571614 -0.201582 0.232071 0.821459 -0.062432 0.566755 0.009753
1403638570.627830 5.575087 -0.199043 0.202493 0.817864 -0.091569 0.568051 0.005641
1403638570.727829 5.580528 -0.206082 0.169762 0.810051 -0.119105 0.574028 0.011133
1403638570.827830 5.580965 -0.222594 0.135507 0.797639 -0.146157 0.584795 0.020589
1403638570.927830 5.574955 -0.249493 0.098265 0.787894 -0.168983 0.591154 0.034711
1403638571.027829 5.561908 -0.287865 0.057323 0.781198 -0.190095 0.592545 0.049832
1403638571.127830 5.540636 -0.336039 0.013214 0.782375 -0.206033 0.583561 0.069974
1403638571.227829 5.510815 -0.391929 -0.024204 0.784819 -0.214687 0.574122 0.091393
1403638571.327830 5.475289 -0.453516 -0.051597 0.785272 -0.219427 0.568491 0.109625
1403638571.427830 5.433368 -0.517662 -0.068588 0.783127 -0.225424 0.567542 0.117438
1403638571.527829 5.385782 -0.585188 -0.078125 0.780062 -0.228734 0.569181 0.123360
1403638571.627830 5.333171 -0.655278 -0.089153 0.778739 -0.235590 0.566727 0.129938
1403638571.727829 5.277502 -0.728430 -0.105212 0.778663 -0.247212 0.560215 0.136852
1403638571.827830 5.218410 -0.804502 -0.126144 0.777246 -0.262511 0.553119 0.145039
1403638571.927830 5.157017 -0.884013 -0.147867 0.772417 -0.281763 0.548430 0.152333
1403638572.027829 5.093038 -0.967798 -0.162865 0.765920 -0.301242 0.544658 0.161145
1403638572.127830 5.025889 -1.055615 -0.169474 0.758533 -0.319219 0.541394 0.172104
1403638572.227829 4.954187 -1.146070 -0.167936 0.752975 -0.334027 0.534653 0.188681
1403638572.327830 4.881165 -1.239157 -0.165186 0.748667 -0.351838 0.524327 0.201962
1403638572.427830 4.808080 -1.336515 -0.166320 0.743846 -0.368549 0.514200 0.215555
1403638572.527829 4.735434 -1.436909 -0.169419 0.740361 -0.379119 0.506036 0.228170
1403638572.627830 4.664656 -1.540984 -0.172967 0.737124 -0.385674 0.501893 0.236659
1403638572.727829 4.595646 -1.648842 -0.171982 0.736805 -0.388227 0.496985 0.243728
1403638572.827830 4.529959 -1.760463 -0.162334 0.738942 -0.387358 0.491602 0.249491
1403638572.927830 4.468992 -1.875334 -0.145406 0.740826 -0.386776 0.488529 0.250839
1403638573.027829 4.411905 -1.993667 -0.128739 0.743295 -0.385612 0.485517 0.251174
1403638573.127830 4.359865 -2.114243 -0.118013 0.745508 -0.384023 0.484041 0.249898
1403638573.227829 4.311917 -2.237151 -0.111690 0.746432 -0.382268 0.484802 0.248349
1403638573.327830 4.269874 -2.362612 -0.104969 0.747484 -0.380208 0.485561 0.246861
1403638573.427830 4.230790 -2.490366 -0.098281 0.748530 -0.380601 0.483121 0.247870
1403638573.527829 4.200585 -2.620864 -0.083201 0.748346 -0.380690 0.481772 0.250895
1403638573.627830 4.170042 -2.757582 -0.061353 0.747982 -0.381051 0.481428 0.252091
1403638573.727829 4.146932 -2.892257 -0.033521 0.747312 -0.382975 0.478628 0.256457
1403638573.827830 4.130761 -3.029718 -0.002873 0.740183 -0.387080 0.480453 0.267326
1403638573.927830 4.120121 -3.167904 0.023365 0.727702 -0.395825 0.484257 0.281544
1403638574.027829 4.113770 -3.303334 0.043203 0.709428 -0.414120 0.491418 0.289350
1403638574.127830 4.108190 -3.434968 0.057382 0.687905 -0.437139 0.498627 0.295073
1403638574.227829 4.100584 -3.562916 0.066608 0.666800 -0.460876 0.501503 0.302433
1403638574.327830 4.089322 -3.686201 0.071283 0.651130 -0.482226 0.495329 0.313268
1403638574.427830 4.070832 -3.808288 0.072859 0.639304 -0.500631 0.483342 0.327170
1403638574.527829 4.048086 -3.927265 0.072839 0.628089 -0.517726 0.471807 0.338914
1403638574.627830 4.022138 -4.043273 0.078994 0.618530 -0.528367 0.464748 0.349654
1403638574.727829 3.993333 -4.158839 0.092116 0.615603 -0.532537 0.454384 0.361902
1403638574.827830 3.963632 -4.270421 0.111301 0.617714 -0.535341 0.442729 0.368552
1403638574.927830 3.932813 -4.379715 0.128887 0.619973 -0.540006 0.434929 0.367239
1403638575.027829 3.901752 -4.488789 0.140063 0.620848 -0.543687 0.432426 0.363264
1403638575.127830 3.869657 -4.594594 0.144973 0.618345 -0.548342 0.436244 0.355896
1403638575.227829 3.835465 -4.702097 0.146482 0.616255 -0.550141 0.440465 0.351519
1403638575.327830 3.797644 -4.811238 0.142058 0.616935 -0.550593 0.441848 0.347862
1403638575.427830 3.757170 -4.922848 0.134309 0.622101 -0.550210 0.437797 0.344375
1403638575.527829 3.713340 -5.038519 0.123912 0.626878 -0.548003 0.434926 0.342863
1403638575.627830 3.666737 -5.160041 0.118353 0.633685 -0.543446 0.429081 0.344963
1403638575.727829 3.619937 -5.286053 0.118762 0.639939 -0.538877 0.423605 0.347344
1403638575.827830 3.574223 -5.414843 0.127865 0.645847 -0.536285 0.417277 0.348080
1403638575.927830 3.533137 -5.544310 0.149066 0.647700 -0.535167 0.416605 0.347161
1403638576.027829 3.496317 -5.677208 0.179612 0.648088 -0.533907 0.417453 0.347359
1403638576.127830 3.461278 -5.814931 0.216481 0.647838 -0.533201 0.418095 0.348135
1403638576.227829 3.429002 -5.960873 0.254340 0.646976 -0.531520 0.419572 0.350525
1403638576.327830 3.400253 -6.111872 0.285850 0.648044 -0.528375 0.417909 0.355262
1403638576.427830 3.375484 -6.267302 0.310752 0.650167 -0.526275 0.414390 0.358607
1403638576.527829 3.357632 -6.421588 0.330098 0.653918 -0.522610 0.408333 0.364052
1403638576.627830 3.345989 -6.583309 0.344757 0.656712 -0.520305 0.403554 0.367637
1403638576.727829 3.344445 -6.744756 0.354553 0.655991 -0.517863 0.404873 0.370906
1403638576.827830 3.350908 -6.908554 0.359845 0.651923 -0.514437 0.411241 0.375807
1403638576.927830 3.364402 -7.069554 0.359880 0.646285 -0.514681 0.419606 0.375966
1403638577.027829 3.384041 -7.229960 0.356647 0.641523 -0.517665 0.426790 0.371916
1403638577.127830 3.407257 -7.390978 0.358528 0.637847 -0.520323 0.431840 0.368687
1403638577.227829 3.433817 -7.547557 0.367402 0.636228 -0.522123 0.433958 0.366446
1403638577.327830 3.463265 -7.704105 0.383822 0.638613 -0.519285 0.430565 0.370312
1403638577.427830 3.495639 -7.858234 0.408015 0.643266 -0.514352 0.424201 0.376435
1403638577.527829 3.533559 -8.010023 0.433907 0.643899 -0.513791 0.423549 0.376853
1403638577.627830 3.576621 -8.159715 0.454318 0.643024 -0.515721 0.425009 0.374057
1403638577.727829 3.623653 -8.305908 0.467744 0.642808 -0.517171 0.425626 0.371719
1403638577.827830 3.674661 -8.450816 0.473819 0.642525 -0.518356 0.426649 0.369376
1403638577.927830 3.729113 -8.596365 0.475538 0.642784 -0.517605 0.427253 0.369282
1403638578.027829 3.787152 -8.739751 0.478644 0.643000 -0.516162 0.427881 0.370196
1403638578.127830 3.849624 -8.882826 0.490108 0.641520 -0.516920 0.431397 0.367618
1403638578.227829 3.915482 -9.027053 0.506564 0.636425 -0.522011 0.439480 0.359620
1403638578.327830 3.981595 -9.170198 0.525657 0.633025 -0.525996 0.444457 0.353647
1403638578.427830 4.044811 -9.306549 0.540824 0.632378 -0.526458 0.444902 0.353557
1403638578.527829 4.106914 -9.446481 0.549542 0.631812 -0.527008 0.445017 0.353605
1403638578.627830 4.166733 -9.586045 0.554680 0.630967 -0.526877 0.445465 0.354742
1403638578.727829 4.222030 -9.713648 0.555945 0.632467 -0.524507 0.442930 0.358736
1403638578.827830 4.279217 -9.849180 0.553729 0.636151 -0.520873 0.437654 0.363953
1403638578.927830 4.335728 -9.978829 0.548739 0.637359 -0.518024 0.435779 0.368131
1403638579.027829 4.394938 -10.107746 0.547820 0.638472 -0.515920 0.435113 0.369942
1403638579.127830 4.453801 -10.226091 0.554791 0.638717 -0.514872 0.435635 0.370365
1403638579.227829 4.519636 -10.354932 0.570854 0.638676 -0.514615 0.436165 0.370167
1403638579.327830 4.583758 -10.467228 0.590000 0.637052 -0.516239 0.439229 0.367070
1403638579.427830 4.654207 -10.591160 0.609511 0.632453 -0.521513 0.445873 0.359479
1403638579.527829 4.719468 -10.697006 0.623002 0.629209 -0.523797 0.451616 0.354648
1403638579.627830 4.784076 -10.802310 0.631993 0.626820 -0.515697 0.462539 0.356667
1403638579.727829 4.847474 -10.908226 0.634674 0.632562 -0.499546 0.471410 0.357899
1403638579.827830 4.908716 -11.008137 0.631231 0.647943 -0.479511 0.476208 0.351376
1403638579.927830 4.969545 -11.104106 0.621388 0.668774 -0.456407 0.480541 0.336919
1403638580.027829 5.031080 -11.196009 0.608635 0.686351 -0.426592 0.494158 0.320546
1403638580.127830 5.092448 -11.278096 0.594538 0.699412 -0.390165 0.516046 0.303795
1403638580.227829 5.152858 -11.352727 0.575237 0.715269 -0.353483 0.533711 0.280344
1403638580.327830 5.210182 -11.419123 0.550284 0.732821 -0.321967 0.544153 0.251413
1403638580.427830 5.259695 -11.475207 0.519348 0.746555 -0.301466 0.550311 0.221205
1403638580.527829 5.306711 -11.532201 0.485603 0.755167 -0.287153 0.554308 0.200021
1403638580.627830 5.350270 -11.589538 0.450670 0.763454 -0.273443 0.555476 0.183883
1403638580.727829 5.389423 -11.643720 0.419306 0.774384 -0.257781 0.552175 0.170241
1403638580.827830 5.425243 -11.697241 0.398076 0.782498 -0.244935 0.548716 0.163141
1403638580.927830 5.460104 -11.750713 0.385669 0.786769 -0.236878 0.547327 0.159112
1403638581.027829 5.493956 -11.801690 0.383560 0.787928 -0.234975 0.547693 0.154882
1403638581.127830 5.526803 -11.851647 0.389368 0.788392 -0.233185 0.547491 0.155938
1403638581.227829 5.558949 -11.895244 0.405101 0.788504 -0.232826 0.546650 0.158829
1403638581.327830 5.586800 -11.938929 0.416120 0.788117 -0.233410 0.545828 0.162675
1403638581.427830 5.612734 -11.970729 0.437338 0.786200 -0.234636 0.546974 0.166298
1403638581.527829 5.639530 -12.008298 0.454578 0.784917 -0.236887 0.547066 0.168844
1403638581.627830 5.663846 -12.030057 0.488060 0.782450 -0.238224 0.548692 0.173085
1403638581.727829 5.692307 -12.062550 0.505762 0.777807 -0.238023 0.553888 0.177676
1403638581.827830 5.714027 -12.074714 0.529642 0.776035 -0.239607 0.555046 0.179673
1403638581.927830 5.743469 -12.095084 0.543294 0.769289 -0.239290 0.563390 0.183103
1403638582.027829 5.769227 -12.117465 0.546220 0.765833 -0.238470 0.567705 0.185319
1403638582.127830 5.797444 -12.138655 0.555277 0.772181 -0.240903 0.558679 0.183245
1403638582.227829 5.820510 -12.153951 0.572463 0.778229 -0.243304 0.550123 0.180355
1403638582.327830 5.844908 -12.169342 0.601003 0.776757 -0.241495 0.552306 0.182445
1403638582.427830 5.874353 -12.186889 0.638600 0.774315 -0.240009 0.555844 0.184037
1403638582.527829 5.898962 -12.193632 0.687644 0.773193 -0.239021 0.557471 0.185113
1403638582.627830 5.925944 -12.202625 0.742554 0.773072 -0.238484 0.557687 0.185659
1403638582.727829 5.948800 -12.200697 0.810022 0.775636 -0.239448 0.553985 0.184808
1403638582.827830 5.975311 -12.202580 0.877779 0.776986 -0.240364 0.551890 0.184214
1403638582.927830 5.995366 -12.191528 0.948431 0.778234 -0.241535 0.549704 0.183950
1403638583.027829 6.014797 -12.178361 1.009531 0.780944 -0.243150 0.545444 0.183018
1403638583.127830 6.034667 -12.163153 1.062710 0.782986 -0.244328 0.542160 0.182482
1403638583.227829 6.056546 -12.146767 1.109043 0.783995 -0.245785 0.540353 0.181548
1403638583.327830 6.079263 -12.130378 1.139802 0.783859 -0.245537 0.540527 0.181956
1403638583.427830 6.101802 -12.108726 1.176511 0.784171 -0.245776 0.540069 0.181643
1403638583.527829 6.127721 -12.087624 1.215057 0.784746 -0.245844 0.539309 0.181331
1403638583.627830 6.155864 -12.063930 1.262511 0.784646 -0.245275 0.539436 0.182154
1403638583.727829 6.184786 -12.035712 1.314227 0.784532 -0.244514 0.539511 0.183439
1403638583.827830 6.222793 -12.009229 1.342087 0.784363 -0.243931 0.539805 0.184072
1403638583.927830 6.257357 -11.980666 1.383878 0.783550 -0.243927 0.541074 0.183817
1403638584.027829 6.290703 -11.948274 1.416756 0.782862 -0.243134 0.542054 0.184907
1403638584.127830 6.331262 -11.914746 1.428313 0.775944 -0.239738 0.551878 0.189386
1403638584.227829 6.367734 -11.879698 1.455783 0.766311 -0.235946 0.565299 0.193735
1403638584.327830 6.400308 -11.835421 1.463088 0.760476 -0.234513 0.573219 0.195189
1403638584.427830 6.422614 -11.777796 1.452798 0.759510 -0.234391 0.574581 0.195096
1403638584.527829 6.434201 -11.713766 1.433372 0.759007 -0.234584 0.575356 0.194535
1403638584.627830 6.450740 -11.649869 1.444415 0.760221 -0.234400 0.573943 0.194188
1403638584.727829 6.460293 -11.580438 1.455902 0.763879 -0.235560 0.569336 0.191982
1403638584.827830 6.444030 -11.505832 1.431269 0.771928 -0.238598 0.558735 0.187119
1403638584.927830 6.447306 -11.426878 1.453768 0.777975 -0.242752 0.550204 0.181940
1403638585.027829 6.434586 -11.343714 1.440277 0.780664 -0.243984 0.546432 0.180131
1403638585.127830 6.424297 -11.266460 1.427656 0.780852 -0.245054 0.546154 0.178703
1403638585.227829 6.423773 -11.187173 1.427939 0.779747 -0.245225 0.547685 0.178605
1403638585.327830 6.420682 -11.110697 1.420880 0.777396 -0.244114 0.551172 0.179650
1403638585.427830 6.422251 -11.030237 1.413566 0.776840 -0.243913 0.552123 0.179404
1403638585.527829 6.418220 -10.952812 1.404526 0.777816 -0.243719 0.550802 0.179501
1403638585.627830 6.424082 -10.870683 1.408399 0.779887 -0.243886 0.548061 0.178678
1403638585.727829 6.413044 -10.793247 1.415179 0.783835 -0.244500 0.542668 0.177013
1403638585.827830 6.421058 -10.711312 1.434871 0.788528 -0.246667 0.535761 0.174181
1403638585.927830 6.418959 -10.633942 1.461742 0.790831 -0.249161 0.532262 0.170886
1403638586.027829 6.423115 -10.555549 1.497001 0.788046 -0.249522 0.536163 0.171032
1403638586.127830 6.439902 -10.480553 1.527043 0.784324 -0.249243 0.540959 0.173429
1403638586.227829 6.445249 -10.399919 1.551601 0.781871 -0.248203 0.544376 0.175293
1403638586.327830 6.461663 -10.325581 1.569328 0.778693 -0.246411 0.548622 0.178698
1403638586.427830 6.462885 -10.242686 1.584313 0.775977 -0.241489 0.552068 0.186450
1403638586.527829 6.477417 -10.164842 1.592677 0.774978 -0.237349 0.552969 0.193130
1403638586.627830 6.477320 -10.077213 1.593555 0.775429 -0.239144 0.552463 0.190537
1403638586.727829 6.489692 -9.994054 1.589167 0.775418 -0.241728 0.552545 0.187050
1403638586.827830 6.501080 -9.908606 1.578718 0.774583 -0.243707 0.553881 0.183968
1403638586.927830 6.502670 -9.818624 1.562451 0.773917 -0.243196 0.555069 0.183867
1403638587.027829 6.511473 -9.732406 1.541105 0.773758 -0.243476 0.555444 0.183031
1403638587.127830 6.512216 -9.640163 1.522015 0.773891 -0.244034 0.555283 0.182213
1403638587.227829 6.517090 -9.548362 1.511052 0.776164 -0.243503 0.552425 0.181941
1403638587.327830 6.517044 -9.456318 1.508858 0.777717 -0.244022 0.550148 0.181512
1403638587.427830 6.521107 -9.361618 1.510281 0.778338 -0.244989 0.549313 0.180072
1403638587.527829 6.521496 -9.264294 1.511887 0.778043 -0.246009 0.549696 0.178784
1403638587.627830 6.526072 -9.168751 1.508565 0.777986 -0.247265 0.549524 0.177824
1403638587.727829 6.527850 -9.071899 1.498885 0.777811 -0.247237 0.549690 0.178117
1403638587.827830 6.532707 -8.976818 1.485608 0.777334 -0.248451 0.550044 0.177413
1403638587.927830 6.537441 -8.884597 1.465486 0.776966 -0.248924 0.550463 0.177064
1403638588.027829 6.540038 -8.790127 1.443721 0.776293 -0.248974 0.551437 0.176913
1403638588.127830 6.543719 -8.701957 1.416940 0.776664 -0.246699 0.550894 0.180135
1403638588.227829 6.544729 -8.609660 1.389565 0.777587 -0.242049 0.549547 0.186464
1403638588.327830 6.548268 -8.519660 1.363891 0.778237 -0.241119 0.548814 0.187117
1403638588.427830 6.550454 -8.417785 1.349894 0.778096 -0.241035 0.549092 0.186996
1403638588.527829 6.554829 -8.320116 1.341135 0.777842 -0.242474 0.549565 0.184788
1403638588.627830 6.558064 -8.216429 1.341677 0.777180 -0.243687 0.550716 0.182536
1403638588.727829 6.558562 -8.114018 1.348298 0.775482 -0.245632 0.553130 0.179831
1403638588.827830 6.557894 -8.007732 1.357787 0.774817 -0.246403 0.553974 0.179048
1403638588.927830 6.561653 -7.907227 1.360187 0.774612 -0.247912 0.554003 0.177757
1403638589.027829 6.559502 -7.800828 1.354973 0.774574 -0.248634 0.553755 0.177682
1403638589.127830 6.563628 -7.701876 1.344873 0.774812 -0.248223 0.553129 0.179166
1403638589.227829 6.561820 -7.593399 1.328033 0.774456 -0.248208 0.553568 0.179368
1403638589.327830 6.564434 -7.493118 1.308050 0.773826 -0.248328 0.554334 0.179559
1403638589.427830 6.560831 -7.384739 1.290553 0.773877 -0.248591 0.554331 0.178983
1403638589.527829 6.558130 -7.283062 1.279038 0.774272 -0.248585 0.553858 0.178748
1403638589.627830 6.549693 -7.173974 1.274278 0.774076 -0.248355 0.554099 0.179164
1403638589.727829 6.546428 -7.071502 1.281807 0.775860 -0.249137 0.551465 0.178490
1403638589.827830 6.537081 -6.965142 1.289751 0.776669 -0.250086 0.550014 0.178121
1403638589.927830 6.531356 -6.866542 1.298094 0.777183 -0.250063 0.548921 0.179279
1403638590.027829 6.521574 -6.760118 1.295409 0.776715 -0.251515 0.549230 0.178329
1403638590.127830 6.514337 -6.655799 1.292506 0.776187 -0.251791 0.549628 0.179009
1403638590.227829 6.504921 -6.555436 1.281122 0.775347 -0.252059 0.550567 0.179389
1403638590.327830 6.494922 -6.461539 1.269573 0.775072 -0.252186 0.550934 0.179267
1403638590.427830 6.483207 -6.357781 1.250203 0.776079 -0.252434 0.549271 0.179664
1403638590.527829 6.471378 -6.260873 1.231948 0.776139 -0.253209 0.549228 0.178444
1403638590.627830 6.459569 -6.159862 1.216528 0.778182 -0.253706 0.546392 0.177545
1403638590.727829 6.446843 -6.071027 1.211716 0.779226 -0.255047 0.545033 0.175204
1403638590.827830 6.437237 -5.973493 1.213449 0.780288 -0.254835 0.543564 0.175353
1403638590.927830 6.426523 -5.883088 1.222677 0.780827 -0.255503 0.542798 0.174351
1403638591.027829 6.416741 -5.787955 1.237234 0.781582 -0.256718 0.541505 0.173196
1403638591.127830 6.403601 -5.693508 1.249184 0.784198 -0.257427 0.537620 0.172425
1403638591.227829 6.394536 -5.600291 1.255646 0.789132 -0.259161 0.530044 0.170761
1403638591.327830 6.386853 -5.515088 1.254798 0.794775 -0.261795 0.521361 0.167267
1403638591.427830 6.385236 -5.437228 1.250274 0.797958 -0.263974 0.516203 0.164664
1403638591.527829 6.390850 -5.364981 1.239749 0.800512 -0.266324 0.511983 0.161632
1403638591.627830 6.402674 -5.302745 1.223507 0.802566 -0.267756 0.508693 0.159455
1403638591.727829 6.422827 -5.252653 1.206323 0.801453 -0.268423 0.510184 0.159166
1403638591.827830 6.449911 -5.211942 1.190655 0.799081 -0.267212 0.514089 0.160565
1403638591.927830 6.482244 -5.184468 1.179258 0.796469 -0.265772 0.518516 0.161691
1403638592.027829 6.520120 -5.157334 1.177481 0.793838 -0.265150 0.522689 0.162209
1403638592.127830 6.563090 -5.144969 1.184246 0.792337 -0.263708 0.525708 0.162144
1403638592.227829 6.609096 -5.127407 1.201265 0.787694 -0.260295 0.535492 0.158217
1403638592.327830 6.656523 -5.120435 1.229313 0.783032 -0.253484 0.547498 0.151173
1403638592.427830 6.704194 -5.112350 1.265111 0.782705 -0.241753 0.556134 0.140154
1403638592.527829 6.748203 -5.106596 1.306853 0.788025 -0.227230 0.557284 0.129683
1403638592.627830 6.788673 -5.103773 1.353607 0.795517 -0.214103 0.553360 0.122901
1403638592.727829 6.828178 -5.104790 1.403245 0.802799 -0.204702 0.547616 0.117164
1403638592.827830 6.868281 -5.109445 1.448404 0.809204 -0.199248 0.541256 0.111945
1403638592.927830 6.909172 -5.117472 1.488523 0.812727 -0.194937 0.537925 0.110053
1403638593.027829 6.952822 -5.129611 1.523739 0.814165 -0.192369 0.536875 0.109064
1403638593.127830 7.001017 -5.146472 1.554354 0.814232 -0.191304 0.537239 0.108644
1403638593.227829 7.053542 -5.167654 1.590561 0.810817 -0.189308 0.542469 0.111651
1403638593.327830 7.109401 -5.191019 1.634657 0.808211 -0.184572 0.546224 0.119864
1403638593.427830 7.165995 -5.215104 1.680581 0.803618 -0.179001 0.552481 0.130079
1403638593.527829 7.222739 -5.237909 1.720383 0.799880 -0.177078 0.557207 0.135482
1403638593.627830 7.280556 -5.257826 1.752934 0.797939 -0.176830 0.559306 0.138568
1403638593.727829 7.337285 -5.272851 1.780638 0.796002 -0.176523 0.561672 0.140517
1403638593.827830 7.395515 -5.285100 1.802924 0.789675 -0.177505 0.570459 0.139578
1403638593.927830 7.449573 -5.291022 1.831623 0.780450 -0.175257 0.584994 0.134030
1403638594.027829 7.497452 -5.293606 1.862367 0.782909 -0.172448 0.584294 0.126157
1403638594.127830 7.538981 -5.293531 1.898338 0.788873 -0.169505 0.578276 0.120598
1403638594.227829 7.575812 -5.291682 1.935513 0.793728 -0.164546 0.573075 0.120437
1403638594.327830 7.609122 -5.288108 1.966957 0.793998 -0.160259 0.573860 0.120706
1403638594.427830 7.636661 -5.280834 2.003628 0.792595 -0.153881 0.576589 0.125136
1403638594.527829 7.662812 -5.269407 2.039802 0.792282 -0.152665 0.577657 0.123672
1403638594.627830 7.680098 -5.253156 2.088416 0.792785 -0.155095 0.577528 0.117893
1403638594.727829 7.697433 -5.235576 2.132637 0.793303 -0.158064 0.576768 0.114129
1403638594.827830 7.705863 -5.215824 2.175931 0.793596 -0.159752 0.576196 0.112618
1403638594.927830 7.718049 -5.195741 2.207804 0.794448 -0.160797 0.574750 0.112513
1403638595.027829 7.727406 -5.174670 2.233414 0.795970 -0.162435 0.572315 0.111814
1403638595.127830 7.730907 -5.149875 2.257569 0.796862 -0.163633 0.570741 0.111761
1403638595.227829 7.736346 -5.128257 2.270326 0.797321 -0.163988 0.569840 0.112560
1403638595.327830 7.741276 -5.105738 2.278318 0.797409 -0.164238 0.569558 0.112998
1403638595.427830 7.746051 -5.082123 2.282445 0.797244 -0.165123 0.569594 0.112692
1403638595.527829 7.747155 -5.058739 2.280929 0.797824 -0.165142 0.568767 0.112734
1403638595.627830 7.747750 -5.035063 2.280462 0.798438 -0.164454 0.567984 0.113338
1403638595.727829 7.746329 -5.010426 2.285691 0.798968 -0.161469 0.567236 0.117562
1403638595.827830 7.739455 -4.980265 2.298183 0.799738 -0.159939 0.565977 0.120455
1403638595.927830 7.736715 -4.954408 2.295003 0.799494 -0.159383 0.566219 0.121666
1403638596.027829 7.733739 -4.926007 2.279628 0.799274 -0.156730 0.566393 0.125681
1403638596.127830 7.731515 -4.894188 2.257939 0.800428 -0.149885 0.564241 0.135949
1403638596.227829 7.730065 -4.855830 2.239879 0.802443 -0.141240 0.560613 0.147815
1403638596.327830 7.728562 -4.807129 2.233288 0.803576 -0.133133 0.557971 0.158777
1403638596.427830 7.729540 -4.751416 2.231776 0.803518 -0.127596 0.557410 0.165449
1403638596.527829 7.734076 -4.683505 2.242382 0.803342 -0.121948 0.556935 0.172026
1403638596.627830 7.743407 -4.602802 2.258187 0.803833 -0.116135 0.555193 0.179235
1403638596.727829 7.758336 -4.505906 2.281570 0.804465 -0.111255 0.553217 0.185499
1403638596.827830 7.779931 -4.394236 2.315976 0.804159 -0.107766 0.552973 0.189569
1403638596.927830 7.803255 -4.263658 2.351639 0.803140 -0.105818 0.554022 0.191906
1403638597.027829 7.832537 -4.119964 2.388346 0.802184 -0.105780 0.554839 0.193558
1403638597.127830 7.865877 -3.960845 2.419048 0.800633 -0.104711 0.556357 0.196188
1403638597.227829 7.901624 -3.785390 2.442045 0.798502 -0.105938 0.559042 0.196582
1403638597.327830 7.938516 -3.594824 2.458446 0.796410 -0.109626 0.562594 0.192875
1403638597.427830 7.978935 -3.388866 2.469719 0.794344 -0.115372 0.566424 0.186738
1403638597.527829 8.020024 -3.168834 2.477888 0.789876 -0.124413 0.574522 0.174759
1403638597.627830 8.058896 -2.938504 2.480238 0.786499 -0.131816 0.580205 0.165548
1403638597.727829 8.094918 -2.700348 2.477812 0.785656 -0.132482 0.581309 0.165144
1403638597.827830 8.128458 -2.455036 2.470742 0.788245 -0.122731 0.578436 0.170350
1403638597.927830 8.158996 -2.200611 2.458775 0.790894 -0.111410 0.575895 0.174414
1403638598.027829 8.188567 -1.935805 2.447437 0.791870 -0.104891 0.576475 0.172093
1403638598.127830 8.218529 -1.659042 2.442995 0.792377 -0.108840 0.579462 0.156577
1403638598.227829 8.245192 -1.373337 2.443944 0.793381 -0.118469 0.581454 0.135729
1403638598.327830 8.269727 -1.084306 2.446748 0.795925 -0.125779 0.579625 0.121320
1403638598.427830 8.293895 -0.796380 2.444491 0.797944 -0.129300 0.577522 0.114175
1403638598.527829 8.315554 -0.510026 2.436090 0.799612 -0.129123 0.576004 0.110304
1403638598.627830 8.334797 -0.225808 2.418709 0.802871 -0.124052 0.573472 0.105539
1403638598.727829 8.353558 0.055909 2.399764 0.804726 -0.113750 0.574109 0.099375
1403638598.827830 8.370657 0.335465 2.385030 0.805904 -0.101033 0.576301 0.090483
1403638598.927830 8.385291 0.611507 2.375475 0.808471 -0.085430 0.576621 0.081150
1403638599.027829 8.397801 0.885025 2.368896 0.810323 -0.069705 0.577781 0.068460
1403638599.127830 8.409429 1.156466 2.369247 0.811574 -0.051467 0.579123 0.057569
1403638599.227829 8.416880 1.425858 2.373668 0.813169 -0.032896 0.579273 0.046009
1403638599.327830 8.422465 1.693775 2.384332 0.815250 -0.014787 0.577992 0.032768
1403638599.427830 8.424784 1.960000 2.401691 0.818138 0.001673 0.574543 0.023422
1403638599.527829 8.425467 2.225474 2.421359 0.820321 0.012819 0.571523 0.016465
1403638599.627830 8.423962 2.491181 2.434910 0.821951 0.018157 0.569170 0.010600
1403638599.727829 8.422023 2.755158 2.439518 0.823128 0.021379 0.567390 0.008458
1403638599.827830 8.423557 3.017595 2.436347 0.823746 0.020534 0.566538 0.007408
1403638599.927830 8.427185 3.277545 2.428442 0.824955 0.016763 0.564931 0.004623
1403638600.027829 8.433883 3.536937 2.415188 0.824306 0.010187 0.566052 -0.000300
1403638600.127830 8.444633 3.791516 2.398791 0.826368 0.000725 0.563064 -0.008549
1403638600.227829 8.457605 4.040349 2.378393 0.829129 -0.010977 0.558577 -0.020405
1403638600.327830 8.473041 4.280612 2.354238 0.830795 -0.020605 0.555431 -0.029192
1403638600.427830 8.493342 4.509465 2.333279 0.832005 -0.028966 0.552775 -0.036996
1403638600.527829 8.518061 4.722998 2.321795 0.832715 -0.031805 0.551467 -0.038178
1403638600.627830 8.547653 4.922907 2.320641 0.834050 -0.033201 0.549395 -0.037738
1403638600.727829 8.581474 5.107197 2.326642 0.836218 -0.034405 0.545975 -0.038310
1403638600.827830 8.621366 5.276178 2.338285 0.840199 -0.031265 0.540254 -0.034835
1403638600.927830 8.668244 5.430200 2.352209 0.843418 -0.018815 0.536582 -0.019296
1403638601.027829 8.723202 5.576879 2.361050 0.844317 -0.007648 0.535758 -0.005811
1403638601.127830 8.785669 5.712699 2.364300 0.843152 -0.001825 0.537672 0.000698
1403638601.227829 8.855378 5.848778 2.362600 0.840183 0.005521 0.542193 0.009413
1403638601.327830 8.932760 5.986231 2.357972 0.832806 0.012079 0.553209 0.015740
1403638601.427830 9.015148 6.125487 2.354164 0.828451 0.014589 0.559847 0.005265
1403638601.527829 9.100074 6.264508 2.357323 0.824275 0.024196 0.565635 -0.006549
1403638601.627830 9.184819 6.402887 2.367282 0.820970 0.041211 0.569206 -0.017722
1403638601.727829 9.269096 6.541924 2.382960 0.818430 0.064270 0.570217 -0.029904
1403638601.827830 9.350997 6.680505 2.406443 0.814094 0.091992 0.571750 -0.043487
1403638601.927830 9.429148 6.820232 2.436269 0.809545 0.119647 0.571833 -0.057684
1403638602.027829 9.504337 6.961686 2.463557 0.807171 0.139834 0.569134 -0.070768
1403638602.127830 9.576136 7.104542 2.484201 0.804094 0.155213 0.568417 -0.079017
1403638602.227829 9.643661 7.249542 2.499035 0.797779 0.172012 0.571668 -0.084598
1403638602.327830 9.706749 7.398780 2.510560 0.789180 0.188107 0.576376 -0.097985
1403638602.427830 9.760309 7.549598 2.528673 0.773374 0.195861 0.588719 -0.130155
1403638602.527829 9.805198 7.699082 2.556143 0.749768 0.201070 0.608226 -0.165771
1403638602.627830 9.836698 7.836888 2.590018 0.732770 0.209130 0.617473 -0.195038
1403638602.727829 9.853082 7.958783 2.628153 0.726548 0.226003 0.613910 -0.210154
1403638602.827830 9.851716 8.062550 2.672147 0.722757 0.247194 0.607319 -0.218360
1403638602.927830 9.834181 8.150291 2.719351 0.721106 0.265264 0.596326 -0.232456
1403638603.027829 9.807759 8.226613 2.766009 0.719738 0.278863 0.582710 -0.254288
1403638603.127830 9.775576 8.289816 2.809045 0.711955 0.292843 0.577789 -0.271152
1403638603.227829 9.736442 8.337324 2.841800 0.711341 0.308777 0.568030 -0.275668
1403638603.327830 9.692015 8.372039 2.863348 0.723266 0.325494 0.546151 -0.269555
1403638603.427830 9.644695 8.397238 2.877642 0.734163 0.336658 0.527313 -0.263832
1403638603.527829 9.598571 8.417877 2.888595 0.737734 0.341979 0.519794 -0.261939
1403638603.627830 9.552941 8.436485 2.896849 0.731704 0.344270 0.524555 -0.266327
1403638603.727829 9.505402 8.449041 2.898461 0.723309 0.349228 0.534316 -0.263383
1403638603.827830 9.455382 8.456048 2.892283 0.715295 0.354706 0.544408 -0.257211
1403638603.927830 9.398618 8.460026 2.878833 0.708070 0.359197 0.554031 -0.250327
1403638604.027829 9.335224 8.460041 2.858318 0.702959 0.361811 0.561187 -0.244969
1403638604.127830 9.261476 8.461363 2.837860 0.699977 0.363357 0.565516 -0.241235
1403638604.227829 9.178364 8.456998 2.824647 0.701351 0.361877 0.563392 -0.244419
1403638604.327830 9.082400 8.449776 2.819110 0.707860 0.357888 0.554791 -0.251112
1403638604.427830 8.978752 8.436601 2.820081 0.715997 0.356612 0.544031 -0.253389
1403638604.527829 8.871043 8.418109 2.828234 0.723201 0.358779 0.534288 -0.250588
1403638604.627830 8.760368 8.398552 2.836628 0.726299 0.359685 0.529901 -0.249644
1403638604.727829 8.649208 8.377817 2.838231 0.728907 0.357062 0.526088 -0.253836
1403638604.827830 8.538288 8.354587 2.836833 0.731177 0.354785 0.522816 -0.257237
1403638604.927830 8.427434 8.329521 2.837797 0.735284 0.355845 0.517035 -0.255749
1403638605.027829 8.318783 8.302710 2.843152 0.742439 0.357958 0.506614 -0.252968
1403638605.127830 8.211735 8.275299 2.856850 0.747791 0.359960 0.498633 -0.250206
1403638605.227829 8.109936 8.250891 2.877119 0.749607 0.362082 0.495849 -0.247223
1403638605.327830 8.013696 8.233410 2.894610 0.748562 0.365388 0.497334 -0.242497
1403638605.427830 7.921251 8.222597 2.908132 0.740909 0.370447 0.508209 -0.235682
1403638605.527829 7.827654 8.214753 2.914299 0.730679 0.374909 0.522333 -0.229608
1403638605.627830 7.733110 8.211067 2.914236 0.723236 0.379343 0.532079 -0.223428
1403638605.727829 7.633555 8.213167 2.913309 0.719984 0.381426 0.536176 -0.220574
1403638605.827830 7.527817 8.220814 2.919956 0.720582 0.382265 0.535403 -0.219041
1403638605.927830 7.417139 8.233125 2.936638 0.719992 0.383809 0.536244 -0.216204
1403638606.027829 7.300632 8.254694 2.953969 0.719347 0.385511 0.537529 -0.212093
1403638606.127830 7.176453 8.279224 2.968983 0.719413 0.386381 0.537954 -0.209187
1403638606.227829 7.045106 8.310409 2.973003 0.719598 0.387856 0.537848 -0.206073
1403638606.327830 6.906297 8.345900 2.973478 0.723557 0.385875 0.533470 -0.207304
1403638606.427830 6.760979 8.387879 2.963109 0.733819 0.380123 0.520676 -0.214272
1403638606.527829 6.612006 8.434861 2.948470 0.744384 0.373263 0.506851 -0.222869
1403638606.627830 6.464035 8.487227 2.929690 0.750435 0.371877 0.496372 -0.228408
1403638606.727829 6.318916 8.546061 2.906924 0.751875 0.378314 0.487356 -0.232482
1403638606.827830 6.180240 8.610759 2.880498 0.749328 0.389414 0.479249 -0.239134
1403638606.927830 6.047610 8.683422 2.855828 0.743314 0.403708 0.471752 -0.248905
1403638607.027829 5.921115 8.765290 2.837298 0.735103 0.418624 0.464330 -0.262251
1403638607.127830 5.805854 8.853508 2.828629 0.727542 0.428249 0.457565 -0.279141
1403638607.227829 5.698220 8.948321 2.825324 0.714864 0.434498 0.462545 -0.293654
1403638607.327830 5.596550 9.045856 2.816000 0.703052 0.436623 0.470199 -0.306578
1403638607.427830 5.500908 9.145030 2.797521 0.696459 0.437309 0.473232 -0.315844
1403638607.527829 5.410383 9.243091 2.769766 0.695540 0.437936 0.471094 -0.320166
1403638607.627830 5.324938 9.337668 2.737036 0.694283 0.439227 0.470939 -0.321352
1403638607.727829 5.243750 9.429943 2.701677 0.691899 0.439640 0.474277 -0.321021
1403638607.827830 5.164789 9.520396 2.663315 0.692523 0.439305 0.474184 -0.320268
1403638607.927830 5.088293 9.607350 2.622691 0.696745 0.435884 0.469544 -0.322614
1403638608.027829 5.016883 9.693444 2.576148 0.698458 0.432250 0.468852 -0.324799
1403638608.127830 4.951005 9.777670 2.525730 0.695841 0.431248 0.474745 -0.323184
1403638608.227829 4.890134 9.857605 2.471546 0.691845 0.431848 0.482372 -0.319649
1403638608.327830 4.832575 9.933592 2.413227 0.686872 0.430316 0.490780 -0.319640
1403638608.427830 4.775850 10.003691 2.350649 0.683275 0.429548 0.496064 -0.320225
1403638608.527829 4.718969 10.070988 2.281273 0.685157 0.430217 0.493937 -0.318588
1403638608.627830 4.662475 10.132139 2.210372 0.684365 0.427830 0.495684 -0.320786
1403638608.727829 4.603858 10.187080 2.144737 0.681562 0.425543 0.498936 -0.324730
1403638608.827830 4.547705 10.235697 2.081926 0.684263 0.426922 0.495106 -0.323098
1403638608.927830 4.489697 10.279314 2.026927 0.688189 0.428220 0.489589 -0.321445
1403638609.027829 4.433841 10.316650 1.978834 0.691896 0.428359 0.484074 -0.321654
1403638609.127830 4.380834 10.350247 1.937689 0.693417 0.429032 0.482020 -0.320563
1403638609.227829 4.331627 10.380255 1.900778 0.693435 0.424165 0.481710 -0.327394
1403638609.327830 4.284961 10.406366 1.858885 0.693854 0.421144 0.481141 -0.331221
1403638609.427830 4.242587 10.429342 1.809231 0.693824 0.423088 0.481623 -0.328091
1403638609.527829 4.201632 10.447161 1.753255 0.693905 0.425211 0.482180 -0.324336
1403638609.627830 4.163133 10.465895 1.690185 0.693966 0.426110 0.482663 -0.322300
1403638609.727829 4.128100 10.478346 1.624077 0.692806 0.428294 0.484408 -0.319269
1403638609.827830 4.095818 10.494199 1.561064 0.693849 0.428035 0.482868 -0.319682
1403638609.927830 4.066450 10.501434 1.508185 0.693437 0.427809 0.483504 -0.319920
1403638610.027829 4.043550 10.507081 1.463138 0.692249 0.426239 0.484980 -0.322344
1403638610.127830 4.019751 10.508477 1.425586 0.689398 0.423962 0.488945 -0.325453
1403638610.227829 3.997528 10.505912 1.387677 0.686624 0.422972 0.492813 -0.326767
1403638610.327830 3.975511 10.498431 1.343041 0.685732 0.421730 0.494313 -0.327977
1403638610.427830 3.956704 10.486822 1.292522 0.685372 0.420504 0.494977 -0.329299
1403638610.527829 3.935871 10.470028 1.236670 0.682434 0.420411 0.499404 -0.328839
1403638610.627830 3.915759 10.445844 1.178715 0.675268 0.416412 0.508747 -0.334352
1403638610.727829 3.893629 10.412179 1.121237 0.675952 0.416679 0.507446 -0.334612
1403638610.827830 3.869983 10.370270 1.068786 0.683248 0.420073 0.496827 -0.331472
1403638610.927830 3.849460 10.324064 1.027965 0.686183 0.422621 0.491651 -0.329884
1403638611.027829 3.829265 10.274318 0.988029 0.685135 0.420821 0.492807 -0.332628
1403638611.127830 3.809069 10.218844 0.941655 0.682440 0.419781 0.495722 -0.335139
1403638611.227829 3.792083 10.158253 0.894595 0.681891 0.420744 0.495800 -0.334935
1403638611.327830 3.775485 10.090352 0.850934 0.681234 0.423095 0.496525 -0.332225
1403638611.427830 3.757383 10.015639 0.812061 0.676615 0.430210 0.503738 -0.321497
1403638611.527829 3.734350 9.938115 0.776900 0.673731 0.437112 0.508400 -0.310723
1403638611.627830 3.706886 9.858282 0.748509 0.675617 0.439645 0.506892 -0.305474
1403638611.727829 3.675538 9.776534 0.723568 0.679779 0.437838 0.501702 -0.307397
1403638611.827830 3.642653 9.693393 0.694853 0.685606 0.432806 0.494104 -0.313823
1403638611.927830 3.610318 9.610444 0.662666 0.690395 0.429288 0.488101 -0.317529
1403638612.027829 3.578463 9.526659 0.629526 0.693082 0.427628 0.484638 -0.319213
1403638612.127830 3.548406 9.443261 0.599919 0.694966 0.426026 0.482410 -0.320631
1403638612.227829 3.520720 9.359055 0.580275 0.695509 0.426163 0.482048 -0.319815
1403638612.327830 3.497044 9.275817 0.565495 0.695155 0.426451 0.482665 -0.319269
1403638612.427830 3.475503 9.190849 0.553772 0.694123 0.426226 0.484883 -0.318454
1403638612.527829 3.455048 9.105192 0.535333 0.692104 0.426140 0.489145 -0.316440
1403638612.627830 3.434402 9.018534 0.510174 0.690428 0.427992 0.492975 -0.311622
1403638612.727829 3.412345 8.930425 0.476581 0.688645 0.429092 0.497172 -0.307357
1403638612.827830 3.389999 8.844763 0.442586 0.687712 0.427463 0.500469 -0.306364
1403638612.927830 3.361036 8.753951 0.407925 0.687263 0.425011 0.502598 -0.307296
1403638613.027829 3.332960 8.667961 0.382101 0.689745 0.424005 0.500128 -0.307154
1403638613.127830 3.301619 8.580835 0.364941 0.691267 0.423115 0.498647 -0.307367
1403638613.227829 3.265801 8.487925 0.352704 0.692970 0.422797 0.496571 -0.307330
1403638613.327830 3.233555 8.400882 0.349409 0.693555 0.423329 0.495909 -0.306346
1403638613.427830 3.198077 8.312763 0.348798 0.692851 0.423842 0.496904 -0.305616
1403638613.527829 3.160921 8.220725 0.341649 0.692737 0.420373 0.499309 -0.306745
1403638613.627830 3.124415 8.132835 0.329893 0.694333 0.414176 0.501125 -0.308600
1403638613.727829 3.083161 8.038571 0.310905 0.693334 0.407516 0.505511 -0.312534
1403638613.827830 3.044740 7.947417 0.284552 0.693850 0.400141 0.510797 -0.312321
1403638613.927830 3.004386 7.848408 0.251898 0.698037 0.391339 0.515123 -0.306994
1403638614.027829 2.966126 7.747662 0.215415 0.705160 0.380617 0.519614 -0.296448
1403638614.127830 2.926188 7.643758 0.175254 0.714671 0.367625 0.523200 -0.283477
1403638614.227829 2.884772 7.534643 0.138185 0.724642 0.354350 0.525796 -0.269943
1403638614.327830 2.840112 7.420038 0.106702 0.732539 0.343107 0.527266 -0.260105
1403638614.427830 2.794626 7.305571 0.082480 0.738360 0.333436 0.527892 -0.254901
1403638614.527829 2.748639 7.192898 0.068073 0.742841 0.325271 0.528111 -0.251964
1403638614.627830 2.702980 7.079848 0.061728 0.747369 0.315208 0.529505 -0.248410
1403638614.727829 2.660479 6.968096 0.066743 0.754928 0.300955 0.528204 -0.245987
1403638614.827830 2.622611 6.859513 0.083345 0.765680 0.283918 0.524542 -0.240793
1403638614.927830 2.588898 6.747110 0.106985 0.776076 0.266277 0.523320 -0.230082
1403638615.027829 2.563093 6.633886 0.135961 0.785146 0.245634 0.526068 -0.215548
1403638615.127830 2.543935 6.519164 0.169707 0.791608 0.224312 0.533860 -0.195025
1403638615.227829 2.531168 6.403405 0.209600 0.793660 0.203326 0.547355 -0.170777
1403638615.327830 2.522652 6.290678 0.249880 0.796738 0.179251 0.557670 -0.148598
1403638615.427830 2.513867 6.176026 0.283597 0.800223 0.153357 0.565501 -0.127803
1403638615.527829 2.503284 6.057335 0.309196 0.804140 0.127922 0.570314 -0.108335
1403638615.627830 2.490281 5.936867 0.328456 0.806574 0.106895 0.573863 -0.093239
1403638615.727829 2.476481 5.817852 0.346932 0.808404 0.092134 0.575380 -0.083258
1403638615.827830 2.462022 5.700962 0.373625 0.809634 0.081283 0.576219 -0.076540
1403638615.927830 2.444820 5.584391 0.403746 0.810632 0.068649 0.577117 -0.071411
1403638616.027829 2.428193 5.467619 0.428386 0.812244 0.056802 0.577076 -0.063367
1403638616.127830 2.410419 5.349039 0.444816 0.813186 0.044229 0.577832 -0.053693
1403638616.227829 2.391526 5.232022 0.445080 0.814628 0.027833 0.577644 -0.043983
1403638616.327830 2.371737 5.113708 0.428766 0.815587 0.008832 0.577704 -0.031581
1403638616.427830 2.350805 4.991580 0.402047 0.816240 -0.010052 0.577321 -0.018775
1403638616.527829 2.328457 4.869521 0.370541 0.817037 -0.025620 0.575940 -0.009395
1403638616.627830 2.306925 4.749175 0.335724 0.819971 -0.036558 0.571234 -0.001577
1403638616.727829 2.285575 4.627713 0.297123 0.827149 -0.046163 0.560084 0.000055
1403638616.827830 2.269057 4.507201 0.255126 0.834730 -0.055353 0.547850 -0.004701
1403638616.927830 2.259505 4.383576 0.217416 0.836833 -0.058165 0.544337 -0.005056
1403638617.027829 2.257389 4.255189 0.190393 0.833606 -0.053295 0.549778 0.001957
1403638617.127830 2.260104 4.125231 0.172567 0.829746 -0.046510 0.556128 0.008976
1403638617.227829 2.266025 3.992115 0.160086 0.829574 -0.040840 0.556764 0.012381
1403638617.327830 2.276005 3.859142 0.152119 0.832776 -0.037886 0.552192 0.011563
1403638617.427830 2.290835 3.729412 0.151156 0.836946 -0.034251 0.546076 0.012210
1403638617.527829 2.311855 3.602420 0.159082 0.838730 -0.030984 0.543534 0.011987
1403638617.627830 2.339793 3.478639 0.175773 0.838294 -0.028197 0.544358 0.011967
1403638617.727829 2.375687 3.360094 0.201520 0.836580 -0.024023 0.547145 0.013752
1403638617.827830 2.416687 3.246336 0.233768 0.836467 -0.021389 0.547418 0.014096
1403638617.927830 2.462816 3.137751 0.273515 0.835300 -0.020375 0.549270 0.012714
1403638618.027829 2.513199 3.030956 0.311645 0.834829 -0.019206 0.550050 0.011714
1403638618.127830 2.567810 2.926652 0.343683 0.834941 -0.018751 0.549933 0.009736
1403638618.227829 2.626182 2.823535 0.368948 0.834698 -0.017617 0.550350 0.009187
1403638618.327830 2.687641 2.725286 0.389517 0.834026 -0.016128 0.551405 0.009607
1403638618.427830 2.752241 2.628429 0.406438 0.833924 -0.015099 0.551592 0.009443
1403638618.527829 2.820365 2.536602 0.422567 0.833387 -0.013953 0.552441 0.008909
1403638618.627830 2.892601 2.444580 0.435159 0.833033 -0.015825 0.552876 0.011569
1403638618.727829 2.968626 2.357663 0.449790 0.832810 -0.018056 0.553039 0.015771
1403638618.827830 3.048719 2.273877 0.469810 0.831654 -0.021992 0.554595 0.017113
1403638618.927830 3.131437 2.194020 0.495118 0.829015 -0.027318 0.558127 0.021958
1403638619.027829 3.216332 2.115767 0.516428 0.824583 -0.038616 0.563588 0.030675
1403638619.127830 3.301515 2.039394 0.529702 0.820962 -0.054456 0.566621 0.044681
1403638619.227829 3.387364 1.966753 0.535165 0.817316 -0.076170 0.568134 0.058453
1403638619.327830 3.473044 1.896343 0.532739 0.813652 -0.101052 0.567709 0.073924
1403638619.427830 3.556517 1.829550 0.523128 0.809011 -0.124471 0.567801 0.087241
1403638619.527829 3.640376 1.765729 0.511691 0.804977 -0.142853 0.567873 0.095530
1403638619.627830 3.723779 1.704859 0.499146 0.801938 -0.158383 0.567574 0.098339
1403638619.727829 3.805478 1.644720 0.483746 0.799213 -0.173269 0.567986 0.092891
1403638619.827830 3.884375 1.582958 0.466835 0.796336 -0.182260 0.569576 0.090627
1403638619.927830 3.958243 1.518894 0.448072 0.794728 -0.187304 0.570091 0.091216
1403638620.027829 4.028215 1.451898 0.424202 0.793487 -0.189283 0.570738 0.093854
1403638620.127830 4.091862 1.380930 0.408722 0.790662 -0.189355 0.574047 0.097305
1403638620.227829 4.150074 1.308271 0.396655 0.788421 -0.188808 0.576826 0.100082
1403638620.327830 4.200115 1.232645 0.394239 0.790065 -0.186294 0.574675 0.104118
1403638620.427830 4.244792 1.156947 0.397676 0.791184 -0.184577 0.573453 0.105408
1403638620.527829 4.282691 1.079674 0.404808 0.792439 -0.182363 0.572316 0.106014
1403638620.627830 4.319925 1.002868 0.407688 0.794615 -0.181630 0.569875 0.104119
1403638620.727829 4.354549 0.924859 0.404668 0.797810 -0.182292 0.565873 0.100286
1403638620.827830 4.383086 0.846635 0.397662 0.800830 -0.180827 0.562290 0.099012
1403638620.927830 4.414457 0.765236 0.386050 0.802733 -0.174840 0.560569 0.103988
1403638621.027829 4.443885 0.684523 0.371384 0.801960 -0.168988 0.562574 0.108692
1403638621.127830 4.468761 0.605718 0.357310 0.800811 -0.165966 0.564986 0.109307
1403638621.227829 4.497147 0.526662 0.351124 0.799283 -0.163581 0.567903 0.108971
1403638621.327830 4.524488 0.449421 0.351842 0.799793 -0.160561 0.567758 0.110464
1403638621.427830 4.549812 0.375489 0.351189 0.798604 -0.158489 0.570026 0.110377
1403638621.527829 4.573108 0.304053 0.345857 0.796638 -0.155930 0.573301 0.111267
1403638621.627830 4.595303 0.236532 0.334982 0.794968 -0.154547 0.576009 0.111153
1403638621.727829 4.610864 0.177256 0.319466 0.794156 -0.153403 0.577379 0.111436
1403638621.827830 4.626421 0.116701 0.299811 0.791849 -0.151831 0.580671 0.112887
1403638621.927830 4.636587 0.061715 0.277894 0.788411 -0.150268 0.585449 0.114355
1403638622.027829 4.640079 0.016111 0.253490 0.786903 -0.150288 0.587606 0.113654
1403638622.127830 4.642376 -0.030455 0.224480 0.787522 -0.152505 0.586694 0.111096
1403638622.227829 4.638184 -0.070651 0.195996 0.787828 -0.154285 0.586253 0.108771
1403638622.327830 4.629299 -0.108717 0.173545 0.787790 -0.156324 0.586169 0.106564
1403638622.427830 4.613277 -0.139617 0.161655 0.788682 -0.155713 0.584653 0.109152
1403638622.527829 4.593934 -0.173707 0.154908 0.788717 -0.154581 0.584350 0.112098
1403638622.627830 4.570267 -0.203098 0.155609 0.787178 -0.152094 0.586093 0.117100
1403638622.727829 4.540892 -0.222028 0.170401 0.779218 -0.150473 0.596370 0.120503
1403638622.827830 4.507536 -0.243162 0.188006 0.769561 -0.149993 0.608511 0.122445
1403638622.927830 4.468170 -0.254190 0.209696 0.769654 -0.151206 0.608164 0.122092
1403638623.027829 4.418827 -0.259155 0.226186 0.775828 -0.154216 0.600021 0.119511
1403638623.127830 4.360393 -0.261445 0.235955 0.781531 -0.157833 0.592411 0.115533
1403638623.227829 4.294501 -0.256656 0.241221 0.784578 -0.160750 0.588338 0.111601
1403638623.327830 4.223796 -0.252490 0.240736 0.788025 -0.162577 0.583670 0.109151
1403638623.427830 4.150814 -0.249993 0.236290 0.790779 -0.162694 0.579880 0.109264
1403638623.527829 4.074207 -0.245335 0.231363 0.791324 -0.163458 0.579175 0.107910
1403638623.627830 3.994758 -0.240367 0.231417 0.790724 -0.162195 0.579811 0.110758
1403638623.727829 3.910162 -0.234646 0.238416 0.791416 -0.161821 0.578642 0.112468
1403638623.827830 3.822499 -0.227221 0.250827 0.792268 -0.161556 0.577219 0.114150
1403638623.927830 3.730918 -0.217987 0.267019 0.793988 -0.162224 0.574344 0.115744
1403638624.027829 3.636168 -0.208060 0.277602 0.794636 -0.163364 0.573088 0.115912
1403638624.127830 3.541222 -0.195376 0.283979 0.795085 -0.166264 0.572073 0.113703
1403638624.227829 3.445941 -0.183534 0.286211 0.795032 -0.169121 0.571800 0.111204
1403638624.327830 3.348197 -0.170016 0.282821 0.794288 -0.171122 0.572443 0.110146
1403638624.427830 3.250885 -0.156823 0.275597 0.794028 -0.172460 0.572412 0.110103
1403638624.527829 3.154358 -0.146567 0.267945 0.790910 -0.174748 0.576233 0.108996
1403638624.627830 3.053326 -0.134762 0.252805 0.781190 -0.177174 0.589070 0.106525
1403638624.727829 2.948608 -0.123478 0.237993 0.783675 -0.170433 0.586955 0.110858
1403638624.827830 2.845827 -0.114270 0.233073 0.790764 -0.160841 0.579515 0.113949
1403638624.927830 2.734853 -0.098722 0.232982 0.795255 -0.155465 0.575341 0.111274
1403638625.027829 2.631193 -0.087269 0.238924 0.796888 -0.153729 0.574916 0.103965
1403638625.127830 2.518894 -0.070923 0.240832 0.797906 -0.154306 0.574779 0.095730
1403638625.227829 2.413105 -0.060664 0.239306 0.799129 -0.153378 0.574006 0.091566
1403638625.327830 2.303797 -0.047413 0.234454 0.799453 -0.151932 0.574147 0.090259
1403638625.427830 2.197986 -0.039752 0.232539 0.799359 -0.150660 0.574691 0.089756
1403638625.527829 2.092891 -0.029877 0.235662 0.799198 -0.150179 0.575049 0.089707
1403638625.627830 1.985271 -0.021350 0.245323 0.800684 -0.149987 0.572946 0.090232
1403638625.727829 1.881585 -0.016660 0.261494 0.803657 -0.150743 0.568747 0.089107
1403638625.827830 1.775224 -0.009403 0.273974 0.807996 -0.151788 0.562400 0.088366
1403638625.927830 1.672013 -0.007689 0.284626 0.809024 -0.151527 0.560806 0.089532
1403638626.027829 1.568909 -0.006697 0.287276 0.809754 -0.152527 0.559495 0.089439
1403638626.127830 1.467468 -0.005934 0.285762 0.810162 -0.154443 0.558648 0.087732
1403638626.227829 1.373185 -0.007814 0.277873 0.810029 -0.153809 0.558762 0.089334
1403638626.327830 1.277106 -0.011631 0.268752 0.808119 -0.149930 0.561526 0.095674
1403638626.427830 1.183917 -0.013825 0.255505 0.805988 -0.145799 0.564675 0.101336
1403638626.527829 1.089173 -0.016042 0.239004 0.807260 -0.144369 0.562970 0.102732
1403638626.627830 0.999539 -0.017554 0.223519 0.809341 -0.145127 0.560005 0.101493
1403638626.727829 0.913435 -0.017896 0.209594 0.812178 -0.145870 0.556001 0.099759
1403638626.827830 0.830280 -0.018151 0.201361 0.815374 -0.146810 0.551369 0.097999
1403638626.927830 0.754934 -0.018459 0.202965 0.817640 -0.146345 0.548131 0.097984
1403638627.027829 0.685186 -0.019228 0.205763 0.817713 -0.146158 0.548188 0.097331
1403638627.127830 0.620577 -0.020243 0.207314 0.817503 -0.145990 0.548678 0.096580
1403638627.227829 0.553754 -0.022453 0.199577 0.817368 -0.145761 0.549054 0.095935
1403638627.327830 0.499722 -0.025896 0.189205 0.817442 -0.143489 0.549083 0.098528
1403638627.427830 0.449931 -0.028258 0.179648 0.817328 -0.142451 0.549310 0.099703
1403638627.527829 0.405841 -0.030898 0.167477 0.817003 -0.142736 0.549775 0.099396
1403638627.627830 0.367711 -0.032666 0.153834 0.814969 -0.141240 0.552574 0.102659
1403638627.727829 0.351270 -0.031833 0.133138 0.811941 -0.141133 0.556839 0.103747
1403638627.827830 0.321396 -0.032301 0.117532 0.810613 -0.140816 0.558630 0.104926
1403638627.927830 0.292238 -0.031376 0.101861 0.811791 -0.140776 0.556781 0.105700
1403638628.027829 0.273320 -0.029908 0.084632 0.813433 -0.140751 0.554155 0.106903
1403638628.127830 0.247055 -0.024765 0.071450 0.814371 -0.141290 0.552527 0.107476
1403638628.227829 0.225657 -0.017592 0.059829 0.814475 -0.142022 0.552112 0.107859
1403638628.327830 0.218888 -0.008637 0.050327 0.815242 -0.143177 0.550745 0.107522
1403638628.427830 0.206104 0.000825 0.043381 0.814791 -0.145248 0.551353 0.105020
1403638628.527829 0.199641 0.010980 0.039648 0.808942 -0.151556 0.559722 0.096718
1403638628.627830 0.193931 0.019910 0.038888 0.802140 -0.156227 0.569198 0.090439
1403638628.727829 0.185936 0.027206 0.037452 0.801641 -0.157975 0.569811 0.087930
1403638628.827830 0.189798 0.032118 0.030816 0.803188 -0.155997 0.567599 0.091575
1403638628.927830 0.178972 0.035339 0.019448 0.803273 -0.153598 0.567403 0.095991
1403638629.027829 0.169388 0.038363 0.008452 0.804299 -0.150172 0.565999 0.100976
1403638629.127830 0.162039 0.042620 0.003167 0.805647 -0.147391 0.564174 0.104482
1403638629.227829 0.148389 0.047577 -0.004190 0.806638 -0.145892 0.562829 0.106184
1403638629.327830 0.136215 0.052718 -0.007968 0.807443 -0.145182 0.561610 0.107484
1403638629.427830 0.128864 0.060282 -0.009493 0.811520 -0.146129 0.555539 0.107042
1403638629.527829 0.131380 0.066204 -0.009204 0.816192 -0.148689 0.548508 0.104219
1403638629.627830 0.137382 0.072396 -0.007174 0.816505 -0.154041 0.547873 0.097090
1403638629.727829 0.145762 0.077079 -0.002850 0.812501 -0.161667 0.553304 0.086953
1403638629.827830 0.153314 0.079797 -0.000028 0.806475 -0.164916 0.561690 0.083100
1403638629.927830 0.160152 0.078850 -0.003961 0.800336 -0.162190 0.570406 0.088274
1403638630.027829 0.164032 0.074990 -0.017163 0.794502 -0.154977 0.578720 0.099157
1403638630.127830 0.164737 0.072640 -0.042007 0.794902 -0.150369 0.578213 0.105786
1403638630.227829 0.162122 0.071389 -0.073198 0.799000 -0.148311 0.572594 0.108344
1403638630.327830 0.157695 0.070870 -0.110865 0.805634 -0.147832 0.562898 0.110656
1403638630.427830 0.166384 0.074405 -0.113529 0.811835 -0.154275 0.554906 0.095932
1403638630.527829 0.176962 0.074818 -0.105423 0.802295 -0.146914 0.568954 0.105021
1403638630.627830 0.186355 0.076031 -0.116956 0.801500 -0.147267 0.569841 0.105792
1403638630.727829 0.190658 0.074529 -0.135172 0.827729 -0.140542 0.534654 0.096214
1403638630.827830 0.181790 0.070929 -0.139938 0.825177 -0.142487 0.537276 0.100572
1403638630.927830 0.175880 0.071363 -0.145058 0.826038 -0.140695 0.536609 0.099582
1403638631.027829 0.168524 0.070964 -0.148526 0.826277 -0.140921 0.536287 0.099011
1403638631.127830 0.160822 0.071863 -0.153306 0.826307 -0.141283 0.536223 0.098590
1403638631.227829 0.152481 0.072659 -0.157761 0.826315 -0.141160 0.536210 0.098773
1403638631.327830 0.144639 0.073303 -0.161829 0.826206 -0.141228 0.536360 0.098778
1403638631.427830 0.136300 0.073997 -0.165898 0.826221 -0.141072 0.536337 0.098993
1403638631.527829 0.128016 0.074584 -0.169617 0.826314 -0.141180 0.536162 0.099016
1403638631.627830 0.119669 0.075137 -0.173204 0.826390 -0.141029 0.536041 0.099247
