1403638522.827830 0.056832 0.044710 0.184735 0.815704 0.030651 0.576073 -0.042748
1403638522.927830 0.030317 0.013757 0.320606 0.810305 0.010169 0.583352 -0.054804
1403638523.027829 0.032442 0.007223 0.361677 0.807368 0.012371 0.586049 -0.067456
1403638523.127830 0.031965 0.001466 0.386319 0.805830 0.014753 0.587760 -0.070423
1403638523.227829 0.028554 -0.003558 0.389487 0.803332 0.012847 0.592033 -0.063160
1403638523.327830 0.026717 -0.010832 0.366819 0.800810 0.012198 0.596376 -0.053762
1403638523.427830 0.024959 -0.016045 0.326641 0.801079 0.012998 0.596268 -0.050676
1403638523.527829 0.020893 -0.022008 0.278383 0.807110 0.016697 0.588476 -0.044630
1403638523.627830 0.015271 -0.027849 0.227588 0.816717 0.020289 0.575503 -0.036849
1403638523.727829 0.009437 -0.033439 0.177391 0.823372 0.022924 0.566157 -0.031621
1403638523.827830 0.002825 -0.038095 0.129548 0.825784 0.025572 0.562646 -0.029245
1403638523.927830 -0.005110 -0.042286 0.088114 0.825303 0.029807 0.563483 -0.021776
1403638524.027829 -0.012003 -0.043140 0.060929 0.826760 0.037332 0.561172 -0.012686
1403638524.127830 -0.015421 -0.041437 0.059023 0.830960 0.044971 0.554440 -0.008924
1403638524.227829 -0.014777 -0.039556 0.087496 0.833847 0.048368 0.549682 -0.014477
1403638524.327830 -0.010858 -0.038845 0.137874 0.832170 0.049609 0.551761 -0.024318
1403638524.427830 0.000078 -0.045043 0.210841 0.824685 0.057193 0.560975 -0.043947
1403638524.527829 0.005465 -0.045219 0.273536 0.815936 0.058268 0.572862 -0.051785
1403638524.627830 0.012362 -0.042454 0.330885 0.807862 0.054351 0.584532 -0.052219
1403638524.727829 0.019032 -0.038037 0.378475 0.803022 0.049113 0.592315 -0.043662
1403638524.827830 0.023726 -0.033262 0.411559 0.800714 0.044258 0.596550 -0.032037
1403638524.927830 0.026905 -0.028796 0.430346 0.799966 0.045136 0.597174 -0.037436
1403638525.027829 0.027895 -0.025727 0.429432 0.797714 0.048766 0.599590 -0.042018
1403638525.127830 0.029488 -0.024246 0.405709 0.795449 0.052885 0.602502 -0.038140
1403638525.227829 0.031600 -0.024913 0.365233 0.795933 0.058265 0.601419 -0.037295
1403638525.327830 0.031457 -0.025086 0.314310 0.801944 0.063520 0.592770 -0.038387
1403638525.427830 0.029354 -0.024341 0.260651 0.813351 0.067303 0.576244 -0.043285
1403638525.527829 0.025487 -0.021639 0.209300 0.824987 0.068401 0.558578 -0.052040
1403638525.627830 0.026430 -0.026164 0.168769 0.830475 0.065946 0.550462 -0.054346
1403638525.727829 0.026378 -0.029630 0.134619 0.831355 0.061817 0.549742 -0.053019
1403638525.827830 0.026652 -0.029449 0.108890 0.828355 0.055651 0.555307 -0.048635
1403638525.927830 0.025923 -0.032256 0.091320 0.825463 0.052626 0.560593 -0.039705
1403638526.027829 0.023594 -0.046027 0.084821 0.825798 0.052403 0.560510 -0.033770
1403638526.127830 0.018398 -0.072737 0.089446 0.829071 0.047599 0.556139 -0.032934
1403638526.227829 0.015112 -0.105791 0.100397 0.830795 0.038148 0.554420 -0.030686
1403638526.327830 0.009547 -0.144101 0.114359 0.828576 0.029069 0.558460 -0.027177
1403638526.427830 0.002164 -0.187334 0.127719 0.824247 0.019408 0.565349 -0.024920
1403638526.527829 -0.006988 -0.234937 0.137889 0.819837 0.007515 0.572048 -0.023892
1403638526.627830 -0.016345 -0.290219 0.144785 0.814560 -0.002219 0.579670 -0.021668
1403638526.727829 -0.028124 -0.351076 0.150279 0.811197 -0.009319 0.584467 -0.016452
1403638526.827830 -0.042539 -0.416669 0.154146 0.809043 -0.013533 0.587569 -0.005333
1403638526.927830 -0.058036 -0.480550 0.156958 0.810248 -0.017589 0.585822 -0.000778
1403638527.027829 -0.071563 -0.541362 0.159313 0.814791 -0.026956 0.579110 0.004590
1403638527.127830 -0.082085 -0.597328 0.163115 0.818847 -0.041275 0.572405 0.011746
1403638527.227829 -0.090465 -0.644449 0.169140 0.818534 -0.056056 0.571350 0.020458
1403638527.327830 -0.093292 -0.678097 0.175714 0.814377 -0.067572 0.575354 0.034523
1403638527.427830 -0.087980 -0.691480 0.179696 0.810429 -0.072811 0.579429 0.046546
1403638527.527829 -0.077858 -0.681707 0.180670 0.809482 -0.074366 0.580153 0.051292
1403638527.627830 -0.061003 -0.646631 0.177996 0.811253 -0.072137 0.578121 0.049404
1403638527.727829 -0.045398 -0.601997 0.176714 0.812046 -0.064869 0.578220 0.045109
1403638527.827830 -0.025947 -0.548164 0.176302 0.814639 -0.057941 0.576063 0.034037
1403638527.927830 -0.009292 -0.489880 0.179966 0.816911 -0.052956 0.573997 0.019478
1403638528.027829 0.007102 -0.431791 0.182983 0.815999 -0.046682 0.576016 0.013105
1403638528.127830 0.022153 -0.373554 0.184349 0.814913 -0.038658 0.578278 0.004226
1403638528.227829 0.038851 -0.319285 0.179844 0.815862 -0.030116 0.577440 -0.004975
1403638528.327830 0.065152 -0.274581 0.174651 0.816370 -0.020220 0.576975 -0.015212
1403638528.427830 0.096230 -0.242624 0.169048 0.814841 -0.015022 0.579244 -0.016867
1403638528.527829 0.130991 -0.219175 0.163731 0.815621 -0.015568 0.578205 -0.014114
1403638528.627830 0.166977 -0.200618 0.161333 0.818143 -0.023352 0.574371 -0.013940
1403638528.727829 0.200794 -0.186710 0.162492 0.818613 -0.029503 0.573471 -0.011511
1403638528.827830 0.224181 -0.175990 0.167008 0.818062 -0.036172 0.573920 -0.009037
1403638528.927830 0.230820 -0.168910 0.176640 0.817442 -0.044549 0.574101 -0.014533
1403638529.027829 0.219992 -0.164326 0.192661 0.818057 -0.049052 0.572706 -0.019594
1403638529.127830 0.195838 -0.155435 0.207225 0.818766 -0.045884 0.572228 -0.008518
1403638529.227829 0.163577 -0.141278 0.213037 0.819911 -0.038788 0.571129 0.007336
1403638529.327830 0.127435 -0.124757 0.209360 0.823076 -0.033774 0.566715 0.015472
1403638529.427830 0.092908 -0.109134 0.195581 0.830674 -0.029980 0.555668 0.017710
1403638529.527829 0.065555 -0.095591 0.174500 0.841807 -0.027974 0.538859 0.014485
1403638529.627830 0.046107 -0.085413 0.151450 0.849166 -0.024442 0.527324 0.015779
1403638529.727829 0.034403 -0.075717 0.129336 0.849193 -0.022433 0.527370 0.015774
1403638529.827830 0.021901 -0.057697 0.096987 0.843356 -0.024573 0.536567 0.015569
1403638529.927830 0.011672 -0.043920 0.070802 0.838380 -0.026507 0.544179 0.016879
1403638530.027829 0.014885 -0.040403 0.057938 0.838063 -0.027280 0.544597 0.017882
1403638530.127830 0.025195 -0.039369 0.048387 0.840371 -0.029796 0.540878 0.018458
1403638530.227829 0.039961 -0.040127 0.038555 0.840947 -0.035691 0.539537 0.020824
1403638530.327830 0.054562 -0.042403 0.028460 0.840276 -0.041895 0.540081 0.022205
1403638530.427830 0.067934 -0.045955 0.019494 0.839683 -0.046198 0.540489 0.025896
1403638530.527829 0.078508 -0.049784 0.012765 0.839471 -0.050346 0.540540 0.023886
1403638530.627830 0.084690 -0.054022 0.007449 0.840649 -0.053129 0.538336 0.026101
1403638530.727829 0.087258 -0.056654 0.002765 0.844301 -0.055857 0.532242 0.027483
1403638530.827830 0.089959 -0.058728 -0.002516 0.846318 -0.056679 0.528919 0.027897
1403638530.927830 0.092535 -0.059599 -0.006412 0.845436 -0.056053 0.530513 0.025513
1403638531.027829 0.094500 -0.059716 -0.009403 0.842747 -0.055825 0.534869 0.024003
1403638531.127830 0.095231 -0.058904 -0.009875 0.839089 -0.054438 0.540627 0.026234
1403638531.227829 0.096984 -0.058153 -0.010838 0.838731 -0.051656 0.541352 0.028301
1403638531.327830 0.098047 -0.057508 -0.012322 0.835062 -0.051924 0.546930 0.029021
1403638531.427830 0.098847 -0.058701 -0.013417 0.835825 -0.051335 0.545785 0.029673
1403638531.527829 0.099377 -0.059992 -0.014386 0.835020 -0.051807 0.547001 0.029108
1403638531.627830 0.100400 -0.061387 -0.015198 0.835170 -0.050775 0.546843 0.029608
1403638531.727829 0.101531 -0.062728 -0.015868 0.835297 -0.051279 0.546603 0.029559
1403638531.827830 0.102762 -0.064138 -0.016450 0.835305 -0.051442 0.546578 0.029523
1403638531.927830 0.103899 -0.065374 -0.016948 0.835280 -0.051672 0.546597 0.029469
1403638532.027829 0.104966 -0.066358 -0.017403 0.835273 -0.051862 0.546590 0.029474
1403638532.127830 0.105992 -0.067079 -0.017621 0.835293 -0.052006 0.546541 0.029581
1403638532.227829 0.106546 -0.067443 -0.017754 0.835323 -0.051961 0.546479 0.029934
1403638532.327830 0.107030 -0.067447 -0.017538 0.835322 -0.052017 0.546459 0.030227
1403638532.427830 0.107149 -0.067119 -0.017155 0.835322 -0.052053 0.546443 0.030462
1403638532.527829 0.107067 -0.066518 -0.016658 0.835307 -0.052191 0.546440 0.030679
1403638532.627830 0.106596 -0.065592 -0.016058 0.835301 -0.052346 0.546424 0.030873
1403638532.727829 0.105621 -0.064348 -0.015350 0.835247 -0.052503 0.546480 0.031082
1403638532.827830 0.104301 -0.062872 -0.014502 0.835198 -0.052663 0.546525 0.031318
1403638532.927830 0.102629 -0.061348 -0.013678 0.835138 -0.052751 0.546591 0.031620
1403638533.027829 0.100934 -0.060020 -0.012889 0.835065 -0.052906 0.546674 0.031866
1403638533.127830 0.099398 -0.058898 -0.012265 0.835004 -0.053034 0.546742 0.032086
1403638533.227829 0.097299 -0.057783 -0.011703 0.834911 -0.053180 0.546855 0.032321
1403638533.327830 0.092206 -0.056384 -0.010926 0.834542 -0.053634 0.547330 0.033043
1403638533.427830 0.092006 -0.056388 -0.010873 0.834498 -0.053741 0.547385 0.033081
1403638533.527829 0.092023 -0.056402 -0.010863 0.834453 -0.053783 0.547445 0.033166
1403638533.627830 0.092026 -0.056429 -0.010857 0.834427 -0.053778 0.547480 0.033247
1403638533.727829 0.092002 -0.056426 -0.010861 0.834437 -0.053812 0.547458 0.033311
1403638533.827830 0.092016 -0.056452 -0.010862 0.834362 -0.053899 0.547562 0.033318
1403638533.927830 0.092064 -0.056450 -0.010917 0.834409 -0.053785 0.547504 0.033289
1403638534.027829 0.092031 -0.056456 -0.010911 0.834369 -0.053948 0.547543 0.033385
1403638534.127830 0.092010 -0.056465 -0.010875 0.834392 -0.054103 0.547487 0.033480
1403638534.227829 0.091997 -0.056433 -0.010874 0.834374 -0.054133 0.547522 0.033321
1403638534.327830 0.092021 -0.056400 -0.010854 0.834446 -0.054054 0.547432 0.033102
1403638534.427830 0.092009 -0.056375 -0.010870 0.834560 -0.054063 0.547264 0.033016
1403638534.527829 0.091996 -0.056422 -0.010853 0.834567 -0.054315 0.547213 0.033239
1403638534.627830 0.092020 -0.056390 -0.010818 0.834646 -0.053882 0.547151 0.033001
1403638534.727829 0.092038 -0.056379 -0.010824 0.834657 -0.053625 0.547171 0.032813
1403638534.827830 0.092029 -0.056387 -0.010820 0.834620 -0.053709 0.547212 0.032914
1403638534.927830 0.092001 -0.056434 -0.010836 0.834634 -0.053919 0.547153 0.033198
1403638535.027829 0.092003 -0.056453 -0.010825 0.834661 -0.053870 0.547121 0.033125
1403638535.127830 0.091998 -0.056449 -0.010813 0.834703 -0.053806 0.547065 0.033100
1403638535.227829 0.091990 -0.056459 -0.010826 0.834690 -0.053804 0.547090 0.033025
1403638535.327830 0.091991 -0.056465 -0.010814 0.834680 -0.053846 0.547099 0.033051
1403638535.427830 0.091991 -0.056441 -0.010793 0.834663 -0.053789 0.547128 0.033094
1403638535.527829 0.092004 -0.056429 -0.010788 0.834636 -0.053817 0.547171 0.033039
1403638535.627830 0.092001 -0.056415 -0.010802 0.834680 -0.053749 0.547112 0.032994
1403638535.727829 0.092000 -0.056416 -0.010796 0.834673 -0.053773 0.547121 0.032974
1403638535.827830 0.092001 -0.056420 -0.010802 0.834670 -0.053738 0.547134 0.032907
1403638535.927830 0.091989 -0.056408 -0.010805 0.834683 -0.053761 0.547114 0.032877
1403638536.027829 0.091992 -0.056418 -0.010797 0.834681 -0.053743 0.547123 0.032794
1403638536.127830 0.091995 -0.056409 -0.010794 0.834679 -0.053754 0.547126 0.032766
1403638536.227829 0.092012 -0.056411 -0.010777 0.834665 -0.053739 0.547153 0.032706
1403638536.327830 0.092013 -0.056409 -0.010790 0.834575 -0.053706 0.547295 0.032679
1403638536.427830 0.092012 -0.056408 -0.010790 0.834557 -0.053766 0.547312 0.032749
1403638536.527829 0.092012 -0.056411 -0.010776 0.834574 -0.053704 0.547297 0.032688
1403638536.627830 0.091998 -0.056393 -0.010781 0.834532 -0.053782 0.547353 0.032690
1403638536.727829 0.092003 -0.056408 -0.010785 0.834529 -0.053731 0.547357 0.032781
1403638536.827830 0.092001 -0.056434 -0.010793 0.834512 -0.053784 0.547377 0.032790
1403638536.927830 0.091999 -0.056454 -0.010789 0.834476 -0.053796 0.547430 0.032808
1403638537.027829 0.092005 -0.056447 -0.010778 0.834519 -0.053770 0.547367 0.032800
1403638537.127830 0.092013 -0.056420 -0.010781 0.834509 -0.053700 0.547384 0.032885
1403638537.227829 0.092014 -0.056402 -0.010763 0.834512 -0.053763 0.547374 0.032876
1403638537.327830 0.092025 -0.056393 -0.010764 0.834478 -0.053736 0.547433 0.032812
1403638537.427830 0.092027 -0.056383 -0.010769 0.834470 -0.053693 0.547452 0.032759
1403638537.527829 0.092035 -0.056367 -0.010750 0.834478 -0.053648 0.547441 0.032801
1403638537.627830 0.092033 -0.056359 -0.010726 0.834503 -0.053551 0.547406 0.032917
1403638537.727829 0.092032 -0.056397 -0.010717 0.834575 -0.053588 0.547291 0.032953
1403638537.827830 0.092029 -0.056370 -0.010690 0.834535 -0.053588 0.547353 0.032923
1403638537.927830 0.092052 -0.056362 -0.010707 0.834506 -0.053534 0.547408 0.032843
1403638538.027829 0.092041 -0.056376 -0.010654 0.834578 -0.053574 0.547290 0.032891
1403638538.127830 0.092033 -0.056382 -0.010631 0.834463 -0.053573 0.547455 0.033071
1403638538.227829 0.092050 -0.056368 -0.010657 0.834499 -0.053586 0.547401 0.033039
1403638538.327830 0.092029 -0.056370 -0.010684 0.834541 -0.053481 0.547349 0.032998
1403638538.427830 0.092108 -0.056345 -0.010598 0.834376 -0.053567 0.547585 0.033139
1403638538.527829 0.092073 -0.056387 -0.010494 0.834331 -0.053658 0.547641 0.033201
1403638538.627830 0.092024 -0.056422 -0.010399 0.834135 -0.053764 0.547917 0.033400
1403638538.727829 0.091986 -0.056491 -0.010287 0.833827 -0.053726 0.548378 0.033572
1403638538.827830 0.092758 -0.056334 -0.010150 0.833302 -0.053282 0.549243 0.033178
1403638538.927830 0.094863 -0.056449 -0.008054 0.830382 -0.052512 0.553725 0.033117
1403638539.027829 0.097306 -0.056512 -0.003890 0.825674 -0.053179 0.560592 0.034220
1403638539.127830 0.101343 -0.056569 0.003786 0.818969 -0.054521 0.570230 0.033985
1403638539.227829 0.107353 -0.056199 0.017924 0.814129 -0.053838 0.577196 0.033768
1403638539.327830 0.113356 -0.055729 0.040341 0.813165 -0.053524 0.578611 0.033264
1403638539.427830 0.119014 -0.055391 0.070206 0.814752 -0.052452 0.576478 0.033194
1403638539.527829 0.124928 -0.055318 0.104991 0.816739 -0.051316 0.573780 0.032860
1403638539.627830 0.131281 -0.055528 0.139656 0.817427 -0.050380 0.572930 0.032034
1403638539.727829 0.138181 -0.055709 0.164569 0.818080 -0.049401 0.572115 0.031459
1403638539.827830 0.146275 -0.055505 0.178589 0.819708 -0.048076 0.569900 0.031330
1403638539.927830 0.156633 -0.054912 0.189073 0.823591 -0.047420 0.564396 0.030095
1403638540.027829 0.169552 -0.054630 0.199882 0.829027 -0.047872 0.556410 0.028809
1403638540.127830 0.187252 -0.054430 0.210067 0.834901 -0.047696 0.547585 0.028553
1403638540.227829 0.213566 -0.054700 0.220466 0.834834 -0.046417 0.547773 0.029032
1403638540.327830 0.247126 -0.055347 0.232852 0.828626 -0.045371 0.557171 0.029677
1403638540.427830 0.284304 -0.055344 0.244412 0.824015 -0.041468 0.564306 0.028976
1403638540.527829 0.326309 -0.053752 0.252645 0.823535 -0.032908 0.565817 0.023635
1403638540.627830 0.370268 -0.050070 0.261236 0.823687 -0.018969 0.566529 0.014987
1403638540.727829 0.415527 -0.044311 0.270995 0.822755 0.002461 0.568334 0.008066
1403638540.827830 0.510096 -0.051621 0.243948 0.822617 0.028898 0.567860 -0.001286
1403638540.927830 0.561861 -0.039231 0.248535 0.821457 0.056999 0.567270 -0.012826
1403638541.027829 0.614875 -0.023861 0.249661 0.819624 0.079604 0.566666 -0.027748
1403638541.127830 0.670423 -0.009735 0.245893 0.817409 0.096051 0.566559 -0.040339
1403638541.227829 0.725306 0.011536 0.240094 0.816524 0.107066 0.565264 -0.047990
1403638541.327830 0.780219 0.037777 0.237327 0.815923 0.112979 0.564629 -0.051954
1403638541.427830 0.834198 0.070210 0.240886 0.815976 0.114144 0.564099 -0.054286
1403638541.527829 0.886441 0.106996 0.249636 0.814716 0.114841 0.565906 -0.052922
1403638541.627830 0.941885 0.152082 0.266643 0.813108 0.116915 0.567727 -0.053594
1403638541.727829 0.996355 0.201550 0.289849 0.811266 0.121300 0.568698 -0.060956
1403638541.827830 1.049523 0.256544 0.318918 0.810175 0.127724 0.567393 -0.073269
1403638541.927830 1.100363 0.314991 0.348923 0.808976 0.139281 0.564735 -0.085047
1403638542.027829 1.144067 0.376683 0.381264 0.807145 0.155507 0.560840 -0.098956
1403638542.127830 1.191751 0.438687 0.399980 0.804052 0.174603 0.557126 -0.112363
1403638542.227829 1.238541 0.502516 0.412735 0.799964 0.195481 0.552611 -0.128321
1403638542.327830 1.284890 0.567893 0.420406 0.794600 0.218952 0.548000 -0.142715
1403638542.427830 1.331401 0.634370 0.425923 0.783181 0.239412 0.553106 -0.152914
1403638542.527829 1.374741 0.691358 0.433833 0.769818 0.259239 0.562332 -0.154784
1403638542.627830 1.413089 0.753229 0.439387 0.761480 0.274227 0.567106 -0.152767
1403638542.727829 1.444111 0.824531 0.447143 0.761736 0.278573 0.563512 -0.156874
1403638542.827830 1.470913 0.896949 0.462300 0.766522 0.275674 0.555762 -0.166060
1403638542.927830 1.490247 0.973844 0.484282 0.772089 0.272322 0.547861 -0.171953
1403638543.027829 1.503787 1.050654 0.513088 0.776126 0.269614 0.542495 -0.175030
1403638543.127830 1.517181 1.129912 0.539492 0.778468 0.266303 0.540203 -0.176781
1403638543.227829 1.529496 1.210224 0.558525 0.779282 0.264780 0.539950 -0.176251
1403638543.327830 1.541533 1.291151 0.571112 0.779882 0.262539 0.540108 -0.176469
1403638543.427830 1.553556 1.373244 0.579465 0.779809 0.264029 0.539098 -0.177649
1403638543.527829 1.569825 1.453427 0.592984 0.778184 0.270965 0.536811 -0.181222
1403638543.627830 1.581738 1.537853 0.594559 0.773515 0.286479 0.533729 -0.186380
1403638543.727829 1.595776 1.619613 0.603840 0.766665 0.305687 0.529688 -0.195477
1403638543.827830 1.604354 1.701470 0.612470 0.756651 0.328849 0.526370 -0.205603
1403638543.927830 1.611452 1.783459 0.628566 0.746963 0.349607 0.520884 -0.220230
1403638544.027829 1.619079 1.864176 0.649985 0.740261 0.364241 0.513809 -0.235251
1403638544.127830 1.628276 1.956411 0.672950 0.736651 0.373429 0.506945 -0.246785
1403638544.227829 1.639012 2.044461 0.691848 0.733760 0.377823 0.503137 -0.256319
1403638544.327830 1.651287 2.136825 0.703649 0.731994 0.380981 0.501120 -0.260609
1403638544.427830 1.666436 2.219982 0.711446 0.732618 0.382282 0.498557 -0.261863
1403638544.527829 1.684289 2.304573 0.719974 0.731894 0.382390 0.499926 -0.261117
1403638544.627830 1.700303 2.399025 0.728276 0.726588 0.381659 0.505897 -0.265469
1403638544.727829 1.716633 2.492663 0.742966 0.722108 0.381714 0.510366 -0.269037
1403638544.827830 1.731129 2.585731 0.762072 0.723819 0.383643 0.507102 -0.267864
1403638544.927830 1.745099 2.677511 0.774770 0.726679 0.385103 0.502517 -0.266664
1403638545.027829 1.761101 2.765936 0.780521 0.726108 0.385322 0.502450 -0.268027
1403638545.127830 1.773833 2.852240 0.782618 0.724973 0.385637 0.503270 -0.269107
1403638545.227829 1.789513 2.941624 0.776880 0.725266 0.387300 0.502268 -0.267796
1403638545.327830 1.805332 3.028885 0.765265 0.723196 0.387704 0.504606 -0.268413
1403638545.427830 1.820218 3.115549 0.748571 0.722185 0.386897 0.505627 -0.270370
1403638545.527829 1.833363 3.201911 0.731599 0.720814 0.390405 0.503256 -0.273395
1403638545.627830 1.844895 3.288594 0.719799 0.717177 0.399163 0.497720 -0.280358
1403638545.727829 1.856380 3.375380 0.714873 0.710749 0.413204 0.490787 -0.288489
1403638545.827830 1.867663 3.461912 0.717396 0.700039 0.431504 0.484354 -0.298583
1403638545.927830 1.878284 3.548289 0.727376 0.688145 0.452538 0.475736 -0.308775
1403638546.027829 1.888675 3.634133 0.743922 0.675672 0.473005 0.468112 -0.317182
1403638546.127830 1.921452 3.729723 0.775132 0.665135 0.489274 0.462231 -0.323342
1403638546.227829 1.937061 3.822696 0.783897 0.658693 0.498502 0.456575 -0.330392
1403638546.327830 1.948532 3.913129 0.787045 0.655399 0.503252 0.451704 -0.336383
1403638546.427830 1.964122 4.012655 0.782515 0.655116 0.504404 0.447333 -0.341018
1403638546.527829 1.975595 4.106880 0.775793 0.654034 0.506243 0.445947 -0.342184
1403638546.627830 1.986360 4.203190 0.773013 0.650257 0.511222 0.444235 -0.344199
1403638546.727829 1.996579 4.302245 0.778151 0.645281 0.517043 0.441832 -0.347942
1403638546.827830 2.006280 4.404052 0.793449 0.640873 0.522799 0.440830 -0.348758
1403638546.927830 2.013803 4.507962 0.812033 0.637751 0.526985 0.440196 -0.348981
1403638547.027829 2.020460 4.613310 0.825266 0.634632 0.530811 0.441253 -0.347531
1403638547.127830 2.023487 4.717590 0.830752 0.631852 0.534792 0.443066 -0.344169
1403638547.227829 2.024606 4.825476 0.832953 0.630572 0.536787 0.444052 -0.342135
1403638547.327830 2.022389 4.935633 0.832285 0.629818 0.537458 0.445426 -0.340682
1403638547.427830 2.015762 5.047629 0.827802 0.633248 0.533578 0.441321 -0.345727
1403638547.527829 2.006621 5.161602 0.820238 0.636650 0.529518 0.437652 -0.350355
1403638547.627830 1.984141 5.251025 0.798293 0.638531 0.527198 0.435386 -0.353241
1403638547.727829 1.970606 5.363224 0.779801 0.638912 0.526788 0.436504 -0.351782
1403638547.827830 1.951907 5.463789 0.753606 0.636609 0.529121 0.440174 -0.347859
1403638547.927830 1.934497 5.578019 0.729054 0.636399 0.529091 0.440840 -0.347445
1403638548.027829 1.914268 5.695282 0.710413 0.635834 0.530162 0.439334 -0.348754
1403638548.127830 1.888627 5.809242 0.698288 0.632971 0.534077 0.435855 -0.352334
1403638548.227829 1.864980 5.936913 0.697078 0.627678 0.540752 0.430456 -0.358211
1403638548.327830 1.838191 6.060092 0.703172 0.619626 0.550533 0.423217 -0.365875
1403638548.427830 1.810761 6.184867 0.717792 0.609919 0.562810 0.414924 -0.372936
1403638548.527829 1.784064 6.313973 0.734224 0.601372 0.571423 0.408568 -0.380656
1403638548.627830 1.757810 6.435346 0.748314 0.594033 0.578448 0.404465 -0.385916
1403638548.727829 1.732415 6.557001 0.758698 0.589431 0.583085 0.400919 -0.389674
1403638548.827830 1.706716 6.681406 0.769585 0.586473 0.586248 0.398324 -0.392046
1403638548.927830 1.679117 6.809387 0.787960 0.584814 0.587570 0.396962 -0.393924
1403638549.027829 1.649648 6.938358 0.810245 0.584123 0.589374 0.396213 -0.393005
1403638549.127830 1.622119 7.060199 0.840757 0.584560 0.587971 0.395382 -0.395289
1403638549.227829 1.592616 7.187541 0.875583 0.584627 0.587501 0.395593 -0.395677
1403638549.327830 1.564883 7.315669 0.917086 0.585857 0.585703 0.394868 -0.397245
1403638549.427830 1.534971 7.445312 0.957915 0.587128 0.583198 0.394232 -0.399677
1403638549.527829 1.507339 7.577019 0.995129 0.588435 0.581772 0.393617 -0.400439
1403638549.627830 1.479648 7.710419 1.025265 0.587663 0.579863 0.395563 -0.402419
1403638549.727829 1.454820 7.844917 1.053716 0.587156 0.579789 0.397611 -0.401246
1403638549.827830 1.430634 7.980920 1.084210 0.588870 0.579359 0.395631 -0.401314
1403638549.927830 1.407045 8.115747 1.123248 0.589675 0.580192 0.395183 -0.399363
1403638550.027829 1.384963 8.257860 1.170139 0.590685 0.579545 0.393986 -0.399991
1403638550.127830 1.362795 8.399710 1.224428 0.591587 0.579055 0.392263 -0.401061
1403638550.227829 1.343304 8.542845 1.285891 0.591380 0.579785 0.391693 -0.400868
1403638550.327830 1.323661 8.689075 1.354868 0.590523 0.580570 0.392553 -0.400154
1403638550.427830 1.306333 8.834751 1.419354 0.590060 0.579674 0.392350 -0.402329
1403638550.527829 1.290078 8.980019 1.477448 0.591340 0.578149 0.390111 -0.404814
1403638550.627830 1.276587 9.125390 1.526602 0.590629 0.575046 0.390909 -0.409475
1403638550.727829 1.266772 9.269388 1.574590 0.589468 0.572123 0.392528 -0.413672
1403638550.827830 1.261460 9.409760 1.612199 0.587218 0.569360 0.396141 -0.417226
1403638550.927830 1.260077 9.547578 1.647592 0.582757 0.564522 0.402876 -0.423557
1403638551.027829 1.259626 9.682256 1.679273 0.579706 0.560682 0.407177 -0.428700
1403638551.127830 1.262025 9.809097 1.708814 0.578857 0.558271 0.408345 -0.431871
1403638551.227829 1.268905 9.925949 1.742588 0.579302 0.556259 0.406551 -0.435547
1403638551.327830 1.282035 10.038037 1.784392 0.583734 0.555382 0.404325 -0.432814
1403638551.427830 1.299071 10.148741 1.823849 0.594304 0.548862 0.404080 -0.426935
1403638551.527829 1.324749 10.255783 1.861743 0.609062 0.536188 0.406673 -0.419718
1403638551.627830 1.355458 10.366235 1.894297 0.625661 0.518326 0.410892 -0.413588
1403638551.727829 1.395869 10.469103 1.922808 0.641022 0.499966 0.417779 -0.405691
1403638551.827830 1.445366 10.569272 1.944615 0.654576 0.482150 0.426818 -0.396091
1403638551.927830 1.502682 10.661594 1.965236 0.661423 0.471325 0.439140 -0.384095
1403638552.027829 1.566663 10.746448 1.991961 0.663256 0.465052 0.452026 -0.373485
1403638552.127830 1.634279 10.820837 2.023930 0.666301 0.461195 0.457766 -0.365776
1403638552.227829 1.705109 10.887279 2.060548 0.671258 0.459149 0.456299 -0.361089
1403638552.327830 1.778888 10.946404 2.099275 0.673930 0.457899 0.455253 -0.359015
1403638552.427830 1.857331 11.003285 2.134623 0.672419 0.452892 0.457885 -0.364804
1403638552.527829 1.938128 11.045090 2.164696 0.668878 0.448108 0.462196 -0.371721
1403638552.627830 2.023239 11.083081 2.189130 0.665371 0.446663 0.465782 -0.375261
1403638552.727829 2.111906 11.112237 2.206710 0.664546 0.448578 0.465260 -0.375085
1403638552.827830 2.204057 11.133054 2.219403 0.663302 0.451692 0.465012 -0.373856
1403638552.927830 2.300147 11.150875 2.226669 0.661783 0.457400 0.464759 -0.369904
1403638553.027829 2.398194 11.159966 2.230560 0.659391 0.463445 0.465954 -0.365114
1403638553.127830 2.496907 11.166807 2.230265 0.656398 0.465841 0.467422 -0.365584
1403638553.227829 2.595932 11.166303 2.228522 0.651290 0.462170 0.471690 -0.373803
1403638553.327830 2.695984 11.159270 2.229564 0.645419 0.460672 0.477288 -0.378698
1403638553.427830 2.794813 11.141494 2.236178 0.640149 0.463487 0.483279 -0.376605
1403638553.527829 2.892457 11.113503 2.248829 0.635626 0.466894 0.488370 -0.373476
1403638553.627830 2.986091 11.069924 2.265320 0.632616 0.469550 0.491939 -0.370561
1403638553.727829 3.072631 11.013299 2.287009 0.632267 0.471418 0.491821 -0.368939
1403638553.827830 3.160468 10.950950 2.317338 0.633599 0.473398 0.489867 -0.366711
1403638553.927830 3.244962 10.881835 2.354375 0.635423 0.474793 0.487751 -0.364567
1403638554.027829 3.318702 10.800518 2.382861 0.640021 0.474476 0.481807 -0.364840
1403638554.127830 3.389397 10.712856 2.406793 0.641803 0.476195 0.479549 -0.362436
1403638554.227829 3.457291 10.620912 2.422968 0.646819 0.482331 0.472920 -0.354019
1403638554.327830 3.522703 10.526459 2.433838 0.651310 0.487666 0.466560 -0.346842
1403638554.427830 3.591421 10.436380 2.445002 0.653671 0.490674 0.462832 -0.343132
1403638554.527829 3.654131 10.345149 2.450817 0.654405 0.491987 0.461551 -0.341575
1403638554.627830 3.713115 10.253738 2.452990 0.656175 0.490503 0.458520 -0.344384
1403638554.727829 3.770525 10.162329 2.459900 0.657083 0.486769 0.456933 -0.350014
1403638554.827830 3.878207 10.137344 2.519478 0.657942 0.484632 0.454262 -0.354810
1403638554.927830 3.942247 10.056083 2.540008 0.658236 0.482080 0.453937 -0.358143
1403638555.027829 4.007638 9.974045 2.557012 0.660037 0.477799 0.455573 -0.358486
1403638555.127830 4.078749 9.902094 2.571383 0.664722 0.473020 0.458591 -0.352266
1403638555.227829 4.147769 9.817130 2.576111 0.671637 0.464783 0.461505 -0.346257
1403638555.327830 4.220107 9.739614 2.580621 0.676981 0.457990 0.464889 -0.340324
1403638555.427830 4.294903 9.656480 2.581084 0.679208 0.455156 0.469953 -0.332646
1403638555.527829 4.366803 9.572376 2.574116 0.681340 0.451510 0.472455 -0.329700
1403638555.627830 4.438565 9.488062 2.567863 0.682425 0.449997 0.473972 -0.327336
1403638555.727829 4.510066 9.402196 2.570129 0.683931 0.448647 0.472889 -0.327612
1403638555.827830 4.585336 9.320992 2.592571 0.684275 0.449919 0.472188 -0.326159
1403638555.927830 4.656478 9.235093 2.610570 0.683957 0.451447 0.472154 -0.324761
1403638556.027829 4.728305 9.158099 2.636313 0.682806 0.452812 0.473186 -0.323779
1403638556.127830 4.800576 9.078780 2.661542 0.684787 0.453918 0.470130 -0.322496
1403638556.227829 4.872838 9.005399 2.680051 0.689401 0.455196 0.463629 -0.320267
1403638556.327830 4.946380 8.930256 2.693800 0.691989 0.455845 0.459810 -0.319267
1403638556.427830 5.020028 8.867067 2.705762 0.693998 0.456567 0.456838 -0.318139
1403638556.527829 5.097968 8.801484 2.716099 0.697517 0.457930 0.452046 -0.315315
1403638556.627830 5.174396 8.750279 2.727134 0.700706 0.454151 0.448004 -0.319454
1403638556.727829 5.253845 8.705325 2.741502 0.700400 0.448035 0.449257 -0.326913
1403638556.827830 5.339935 8.653099 2.764459 0.697602 0.443633 0.453365 -0.333169
1403638556.927830 5.429251 8.612213 2.793118 0.696356 0.440176 0.455212 -0.337811
1403638557.027829 5.525382 8.569176 2.820132 0.695107 0.439550 0.456838 -0.338999
1403638557.127830 5.627608 8.524649 2.840083 0.693319 0.441813 0.459128 -0.336617
1403638557.227829 5.733556 8.474002 2.853925 0.691927 0.442882 0.460903 -0.335649
1403638557.327830 5.841444 8.430881 2.861327 0.691065 0.444142 0.461831 -0.334484
1403638557.427830 5.952359 8.385900 2.868252 0.689025 0.447096 0.464424 -0.331151
1403638557.527829 6.065071 8.341671 2.879981 0.686239 0.451444 0.468370 -0.325429
1403638557.627830 6.176667 8.297108 2.897344 0.684025 0.453912 0.471502 -0.322118
1403638557.727829 6.286817 8.255230 2.919374 0.683364 0.454615 0.472566 -0.320968
1403638557.827830 6.395489 8.213949 2.939654 0.683111 0.455394 0.473529 -0.318976
1403638557.927830 6.503193 8.172292 2.953343 0.683370 0.457090 0.473408 -0.316162
1403638558.027829 6.608960 8.132314 2.959589 0.686043 0.458154 0.469611 -0.314490
1403638558.127830 6.716599 8.091080 2.963003 0.691075 0.459170 0.462473 -0.312563
1403638558.227829 6.824710 8.054960 2.966846 0.697260 0.460571 0.453669 -0.309657
1403638558.327830 6.931656 8.026206 2.976956 0.698966 0.462924 0.451497 -0.305446
1403638558.427830 7.038024 8.005164 2.997904 0.701372 0.466514 0.448222 -0.299231
1403638558.527829 7.144938 7.992068 3.026066 0.704560 0.468091 0.443876 -0.295738
1403638558.627830 7.255619 7.987503 3.062932 0.705837 0.464157 0.442704 -0.300608
1403638558.727829 7.378867 7.985968 3.105046 0.706317 0.456402 0.442549 -0.311390
1403638558.827830 7.494560 7.997336 3.140274 0.705872 0.452100 0.443851 -0.316775
1403638558.927830 7.617211 8.011421 3.166835 0.702752 0.451459 0.448835 -0.317603
1403638559.027829 7.741261 8.030630 3.186234 0.697644 0.451289 0.456451 -0.318251
1403638559.127830 7.865395 8.051570 3.199934 0.693859 0.450966 0.461783 -0.319289
1403638559.227829 7.990068 8.074286 3.207288 0.690558 0.452487 0.465892 -0.318322
1403638559.327830 8.114223 8.098055 3.208796 0.688186 0.454521 0.468621 -0.316551
1403638559.427830 8.236383 8.130063 3.196422 0.685514 0.458222 0.471713 -0.312393
1403638559.527829 8.355248 8.156381 3.185347 0.683604 0.459673 0.473952 -0.311055
1403638559.627830 8.471020 8.184562 3.169408 0.681877 0.460250 0.475667 -0.311376
1403638559.727829 8.582025 8.214876 3.153353 0.680955 0.460803 0.476225 -0.311722
1403638559.827830 8.687333 8.250568 3.142063 0.681563 0.460769 0.474641 -0.312858
1403638559.927830 8.792804 8.285263 3.136341 0.682679 0.458237 0.475352 -0.313063
1403638560.027829 8.898918 8.320091 3.125945 0.688626 0.448845 0.477736 -0.310001
1403638560.127830 9.004391 8.354450 3.108801 0.697804 0.433199 0.483513 -0.302694
1403638560.227829 9.109417 8.389317 3.085428 0.708619 0.413723 0.491875 -0.291119
1403638560.327830 9.213360 8.423205 3.060436 0.717913 0.390952 0.503723 -0.279322
1403638560.427830 9.313934 8.455248 3.033239 0.726258 0.366355 0.516502 -0.267504
1403638560.527829 9.409929 8.485345 3.001534 0.734633 0.340869 0.528319 -0.254956
1403638560.627830 9.501524 8.511106 2.965588 0.745204 0.312967 0.535551 -0.244760
1403638560.727829 9.589032 8.531319 2.928740 0.755656 0.285482 0.539518 -0.237495
1403638560.827830 9.674225 8.544073 2.898048 0.763206 0.262455 0.545043 -0.227072
1403638560.927830 9.759326 8.550795 2.874598 0.769089 0.239830 0.551364 -0.216751
1403638561.027829 9.844197 8.549494 2.859496 0.771688 0.220083 0.560816 -0.203830
1403638561.127830 9.921735 8.538232 2.851206 0.774241 0.200711 0.568642 -0.192128
1403638561.227829 10.002095 8.521756 2.849284 0.775432 0.185275 0.575190 -0.183127
1403638561.327830 10.074771 8.497219 2.854008 0.777050 0.175411 0.578026 -0.176950
1403638561.427830 10.141604 8.464277 2.856848 0.783123 0.175891 0.573197 -0.164999
1403638561.527829 10.203739 8.424001 2.855371 0.787557 0.180936 0.568985 -0.152555
1403638561.627830 10.263791 8.381993 2.847022 0.790275 0.184760 0.565731 -0.145868
1403638561.727829 10.318453 8.337747 2.834624 0.791076 0.187217 0.564172 -0.144421
1403638561.827830 10.371721 8.294014 2.815975 0.790539 0.189186 0.564626 -0.143018
1403638561.927830 10.422128 8.246482 2.793508 0.790490 0.188030 0.566117 -0.138860
1403638562.027829 10.470212 8.199780 2.766828 0.791926 0.180583 0.567859 -0.133342
1403638562.127830 10.513377 8.151339 2.747014 0.793971 0.170750 0.569768 -0.125773
1403638562.227829 10.552209 8.103332 2.732257 0.795324 0.162541 0.571804 -0.118657
1403638562.327830 10.589075 8.056750 2.723560 0.796518 0.152730 0.574081 -0.112530
1403638562.427830 10.631999 8.006227 2.722758 0.798082 0.139034 0.576618 -0.106049
1403638562.527829 10.666571 7.957487 2.725215 0.801166 0.121252 0.577935 -0.097068
1403638562.627830 10.698630 7.908672 2.733903 0.803331 0.098749 0.580606 -0.088340
1403638562.727829 10.726729 7.858303 2.746250 0.805960 0.073781 0.581979 -0.079281
1403638562.827830 10.751619 7.804460 2.756821 0.807788 0.048238 0.583558 -0.067904
1403638562.927830 10.770760 7.746884 2.761828 0.809300 0.024239 0.584400 -0.054066
1403638563.027829 10.786115 7.686333 2.761396 0.809580 0.001345 0.585515 -0.041843
1403638563.127830 10.796940 7.622406 2.756139 0.810033 -0.022776 0.584915 -0.034669
1403638563.227829 10.803915 7.553043 2.747040 0.808366 -0.038589 0.587026 -0.021331
1403638563.327830 10.806013 7.479249 2.733424 0.803825 -0.049442 0.592697 -0.011490
1403638563.427830 10.801843 7.401287 2.715374 0.795234 -0.057691 0.603503 -0.007633
1403638563.527829 10.790666 7.319154 2.692177 0.793047 -0.060326 0.606153 -0.004054
1403638563.627830 10.772662 7.231833 2.672405 0.795727 -0.059456 0.602731 -0.000440
1403638563.727829 10.747427 7.139332 2.659526 0.798608 -0.059992 0.598847 -0.002902
1403638563.827830 10.717214 7.041521 2.653732 0.800000 -0.059960 0.596958 -0.006678
1403638563.927830 10.681462 6.939205 2.657219 0.799422 -0.058773 0.597804 -0.010025
1403638564.027829 10.640931 6.830596 2.662025 0.799047 -0.056498 0.598447 -0.013903
1403638564.127830 10.592513 6.717876 2.661970 0.798886 -0.053132 0.598885 -0.017177
1403638564.227829 10.539113 6.598950 2.657797 0.798140 -0.047662 0.600326 -0.017597
1403638564.327830 10.483609 6.471040 2.655537 0.797086 -0.041145 0.602256 -0.015791
1403638564.427830 10.418033 6.343981 2.660246 0.795112 -0.037235 0.605104 -0.016121
1403638564.527829 10.347776 6.210977 2.671666 0.795152 -0.034907 0.605156 -0.017327
1403638564.627830 10.266198 6.078496 2.684158 0.797305 -0.035786 0.602135 -0.021392
1403638564.727829 10.181473 5.939842 2.694043 0.798725 -0.039036 0.599852 -0.026295
1403638564.827830 10.088772 5.796588 2.695146 0.798949 -0.042091 0.599220 -0.029072
1403638564.927830 9.994410 5.649731 2.687093 0.798158 -0.044597 0.599981 -0.031260
1403638565.027829 9.891836 5.493166 2.655403 0.798116 -0.045456 0.599903 -0.032575
1403638565.127830 9.786944 5.333205 2.614137 0.798778 -0.046120 0.598921 -0.033475
1403638565.227829 9.680356 5.165551 2.559973 0.799626 -0.045716 0.597840 -0.033110
1403638565.327830 9.569758 4.991570 2.501435 0.800517 -0.044852 0.596836 -0.030772
1403638565.427830 9.455714 4.813813 2.440716 0.801372 -0.043561 0.595900 -0.028449
1403638565.527829 9.338123 4.629258 2.383046 0.799293 -0.041890 0.599039 -0.022988
1403638565.627830 9.218276 4.443243 2.333308 0.797698 -0.038434 0.601656 -0.014498
1403638565.727829 9.094508 4.256227 2.291195 0.798752 -0.032089 0.600800 -0.002326
1403638565.827830 8.965223 4.071638 2.256127 0.801691 -0.029538 0.596996 0.003983
1403638565.927830 8.829721 3.889520 2.227375 0.804018 -0.027559 0.593881 0.010059
1403638566.027829 8.691094 3.710395 2.196899 0.805195 -0.028540 0.592224 0.010852
1403638566.127830 8.549800 3.534934 2.158761 0.805332 -0.028944 0.592010 0.011286
1403638566.227829 8.407376 3.363310 2.111237 0.805011 -0.028761 0.592448 0.011655
1403638566.327830 8.265953 3.194347 2.055966 0.806032 -0.028680 0.591074 0.011023
1403638566.427830 8.124342 3.028487 1.993378 0.805901 -0.027422 0.591320 0.010600
1403638566.527829 7.984758 2.867829 1.924886 0.806232 -0.026792 0.590931 0.008568
1403638566.627830 7.845909 2.712316 1.849157 0.812843 -0.025633 0.581879 0.006741
1403638566.727829 7.709180 2.561335 1.766593 0.825117 -0.024540 0.564399 0.005760
1403638566.827830 7.578500 2.410868 1.680415 0.834757 -0.021352 0.550170 0.006227
1403638566.927830 7.454511 2.263796 1.592319 0.840916 -0.018709 0.540809 0.005998
1403638567.027829 7.340692 2.121622 1.502732 0.840733 -0.017421 0.541148 0.004820
1403638567.127830 7.233946 1.981870 1.415812 0.828122 -0.014988 0.560311 0.006436
1403638567.227829 7.131211 1.843176 1.323786 0.816783 -0.013444 0.576733 0.007951
1403638567.327830 7.029700 1.709509 1.226129 0.811125 -0.012234 0.584640 0.011070
1403638567.427830 6.927080 1.579202 1.128132 0.810648 -0.012519 0.585248 0.013319
1403638567.527829 6.823474 1.451782 1.035060 0.813190 -0.013626 0.581646 0.014976
1403638567.627830 6.718729 1.328143 0.951049 0.817050 -0.014690 0.576126 0.017097
1403638567.727829 6.617678 1.210275 0.877228 0.820232 -0.015300 0.571485 0.019729
1403638567.827830 6.520733 1.097180 0.812798 0.824255 -0.015652 0.565587 0.021687
1403638567.927830 6.431310 0.989520 0.756081 0.825821 -0.018217 0.563305 0.019355
1403638568.027829 6.346438 0.887557 0.706556 0.826494 -0.018319 0.562272 0.020571
1403638568.127830 6.266410 0.789728 0.667564 0.825637 -0.016827 0.563468 0.023323
1403638568.227829 6.191121 0.698357 0.637318 0.824947 -0.015760 0.564418 0.025431
1403638568.327830 6.119681 0.611222 0.611054 0.825117 -0.015742 0.564133 0.026231
1403638568.427830 6.049575 0.529651 0.578818 0.826375 -0.016178 0.562268 0.026403
1403638568.527829 5.985846 0.450619 0.544897 0.827166 -0.015632 0.561088 0.027075
1403638568.627830 5.924429 0.377029 0.504583 0.828794 -0.015254 0.558658 0.027732
1403638568.727829 5.867609 0.306834 0.466482 0.830155 -0.013562 0.556596 0.029312
1403638568.827830 5.814456 0.242978 0.434708 0.830126 -0.014567 0.556718 0.027276
1403638568.927830 5.766495 0.185116 0.408597 0.830079 -0.013930 0.556752 0.028326
1403638569.027829 5.722472 0.131696 0.393267 0.829225 -0.013954 0.558024 0.028275
1403638569.127830 5.683727 0.083688 0.382255 0.829324 -0.012776 0.557821 0.029917
1403638569.227829 5.646684 0.038967 0.378665 0.830839 -0.011821 0.555475 0.031845
1403638569.327830 5.616101 0.001827 0.369838 0.831550 -0.011630 0.554346 0.033005
1403638569.427830 5.587621 -0.033717 0.358273 0.830579 -0.011064 0.555760 0.033869
1403638569.527829 5.567194 -0.060934 0.339615 0.829360 -0.010787 0.557579 0.033922
1403638569.627830 5.551133 -0.082774 0.322098 0.827975 -0.011410 0.559650 0.033451
1403638569.727829 5.539650 -0.098770 0.311741 0.827078 -0.011086 0.560935 0.034236
1403638569.827830 5.531249 -0.107354 0.308419 0.826451 -0.010646 0.561868 0.034205
1403638569.927830 5.526946 -0.111260 0.310278 0.824635 -0.009993 0.564476 0.035276
1403638570.027829 5.526277 -0.109073 0.313094 0.823481 -0.011224 0.566268 0.033073
1403638570.127830 5.527757 -0.101767 0.311340 0.823670 -0.013551 0.566137 0.029539
1403638570.227829 5.530536 -0.091640 0.303427 0.823274 -0.016911 0.566908 0.023443
1403638570.327830 5.535141 -0.079616 0.289916 0.823071 -0.023235 0.567275 0.014624
1403638570.427830 5.541356 -0.067034 0.272123 0.822890 -0.033380 0.567113 0.010957
1403638570.527829 5.549898 -0.057964 0.247500 0.821954 -0.055318 0.566842 0.004686
1403638570.627830 5.553417 -0.055340 0.217939 0.818613 -0.084488 0.568097 0.000563
1403638570.727829 5.558889 -0.062326 0.185229 0.811041 -0.112091 0.574118 0.006003
1403638570.827830 5.559586 -0.078849 0.150998 0.798867 -0.139251 0.584965 0.015365
1403638570.927830 5.554055 -0.105799 0.113856 0.789325 -0.162166 0.591441 0.029437
1403638571.027829 5.541689 -0.144440 0.072869 0.782814 -0.183335 0.592964 0.044542
1403638571.127830 5.521263 -0.192932 0.028760 0.784132 -0.199263 0.584155 0.064765
1403638571.227829 5.492456 -0.249355 -0.008645 0.786654 -0.207896 0.574902 0.086266
1403638571.327830 5.458038 -0.311544 -0.036046 0.787150 -0.212635 0.569430 0.104549
1403638571.427830 5.417252 -0.376377 -0.053047 0.785057 -0.218653 0.568549 0.112374
1403638571.527829 5.370847 -0.444693 -0.062613 0.782019 -0.221994 0.570239 0.118286
1403638571.627830 5.319469 -0.515664 -0.073674 0.780755 -0.228863 0.567843 0.124889
1403638571.727829 5.265105 -0.589761 -0.089768 0.780781 -0.240486 0.561391 0.131861
1403638571.827830 5.207365 -0.666831 -0.110726 0.779497 -0.255798 0.554366 0.140111
1403638571.927830 5.147402 -0.747385 -0.132463 0.774836 -0.275091 0.549739 0.147446
1403638572.027829 5.084931 -0.832253 -0.147479 0.768509 -0.294627 0.546041 0.156293
1403638572.127830 5.019362 -0.921214 -0.154107 0.761279 -0.312669 0.542871 0.167282
1403638572.227829 4.949285 -1.012899 -0.152594 0.755852 -0.327526 0.536273 0.183918
1403638572.327830 4.877944 -1.107249 -0.149868 0.751699 -0.345374 0.526062 0.197290
1403638572.427830 4.806602 -1.205871 -0.151032 0.747024 -0.362128 0.516052 0.210971
1403638572.527829 4.735738 -1.307518 -0.154175 0.743632 -0.372729 0.507998 0.223659
1403638572.627830 4.666801 -1.412817 -0.157770 0.740450 -0.379313 0.503930 0.232186
1403638572.727829 4.599692 -1.521877 -0.156828 0.740153 -0.381870 0.499084 0.239300
1403638572.827830 4.535963 -1.634655 -0.147221 0.742281 -0.380983 0.493754 0.245111
1403638572.927830 4.476886 -1.750814 -0.130352 0.744161 -0.380379 0.490698 0.246479
1403638573.027829 4.421917 -1.870001 -0.113700 0.746616 -0.379197 0.487689 0.246849
1403638573.127830 4.371934 -1.991535 -0.103007 0.748812 -0.377588 0.486204 0.245587
1403638573.227829 4.326084 -2.115325 -0.096710 0.749720 -0.375824 0.486955 0.244033
1403638573.327830 4.286327 -2.241612 -0.090018 0.750753 -0.373757 0.487699 0.242538
1403638573.427830 4.248399 -2.371723 -0.083399 0.751816 -0.374109 0.485295 0.243525
1403638573.527829 4.220044 -2.503746 -0.068740 0.751631 -0.374182 0.483996 0.246549
1403638573.627830 4.193130 -2.638679 -0.046508 0.751255 -0.374593 0.483618 0.247810
1403638573.727829 4.172284 -2.773858 -0.018670 0.750601 -0.376521 0.480859 0.252201
1403638573.827830 4.161225 -2.910922 0.012138 0.743511 -0.380755 0.482709 0.263075
1403638573.927830 4.155026 -3.048145 0.038717 0.731087 -0.389680 0.486589 0.277294
1403638574.027829 4.152560 -3.183867 0.058598 0.712966 -0.408201 0.493770 0.285032
1403638574.127830 4.150125 -3.316351 0.072500 0.691632 -0.431456 0.500995 0.290679
1403638574.227829 4.139553 -3.444214 0.081398 0.670723 -0.455195 0.504087 0.298035
1403638574.327830 4.130543 -3.567896 0.085902 0.655232 -0.476686 0.498004 0.308923
1403638574.427830 4.114087 -3.690663 0.087342 0.643569 -0.495188 0.486141 0.322917
1403638574.527829 4.093385 -3.810345 0.087314 0.632503 -0.512378 0.474709 0.334754
1403638574.627830 4.069361 -3.927063 0.093561 0.623037 -0.523103 0.467742 0.345551
1403638574.727829 4.042392 -4.043313 0.106775 0.620146 -0.527297 0.457488 0.357884
1403638574.827830 4.014408 -4.155482 0.125997 0.622280 -0.530082 0.445897 0.364631
1403638574.927830 3.985574 -4.266117 0.143435 0.624589 -0.534724 0.438086 0.363372
1403638575.027829 3.956038 -4.375416 0.154846 0.625486 -0.538398 0.435556 0.359423
1403638575.127830 3.925647 -4.481560 0.159784 0.623018 -0.543080 0.439308 0.352024
1403638575.227829 3.892902 -4.589931 0.161341 0.620951 -0.544882 0.443516 0.347587
1403638575.327830 3.857078 -4.700449 0.156929 0.621630 -0.545342 0.444847 0.343932
1403638575.427830 3.818648 -4.811940 0.149087 0.626779 -0.544919 0.440763 0.340498
1403638575.527829 3.776790 -4.928211 0.138630 0.631532 -0.542674 0.437880 0.339018
1403638575.627830 3.732289 -5.050403 0.133020 0.638295 -0.538059 0.432054 0.341175
1403638575.727829 3.687641 -5.177105 0.133418 0.644507 -0.533437 0.426601 0.343609
1403638575.827830 3.644131 -5.306675 0.142495 0.650391 -0.530795 0.420278 0.344403
1403638575.927830 3.605230 -5.436887 0.163673 0.652232 -0.529662 0.419599 0.343495
1403638576.027829 3.570636 -5.570519 0.194199 0.652607 -0.528399 0.420449 0.343687
1403638576.127830 3.537904 -5.708951 0.231062 0.652350 -0.527696 0.421098 0.344460
1403638576.227829 3.508083 -5.855562 0.268926 0.651472 -0.526023 0.422595 0.346839
1403638576.327830 3.481880 -6.007144 0.300459 0.652513 -0.522868 0.420973 0.351592
1403638576.427830 3.459745 -6.163092 0.325384 0.654617 -0.520752 0.417482 0.354969
1403638576.527829 3.443932 -6.320302 0.344902 0.658355 -0.517051 0.411477 0.360435
1403638576.627830 3.435556 -6.479968 0.359433 0.661109 -0.514728 0.406723 0.364096
1403638576.727829 3.436755 -6.641565 0.369254 0.660367 -0.512294 0.408069 0.367357
1403638576.827830 3.446026 -6.805354 0.374556 0.656267 -0.508906 0.414477 0.372206
1403638576.927830 3.462050 -6.968575 0.374725 0.650646 -0.509198 0.422839 0.372269
1403638577.027829 3.484418 -7.129043 0.371655 0.645906 -0.512226 0.429983 0.368164
1403638577.127830 3.510576 -7.287437 0.373305 0.642234 -0.514916 0.435008 0.364917
1403638577.227829 3.539821 -7.443668 0.382180 0.640629 -0.516730 0.437106 0.362660
1403638577.327830 3.571958 -7.599786 0.398590 0.642989 -0.513873 0.433746 0.366557
1403638577.427830 3.606979 -7.753467 0.422792 0.647600 -0.508902 0.427434 0.372737
1403638577.527829 3.647485 -7.904440 0.448683 0.648225 -0.508337 0.426786 0.373165
1403638577.627830 3.692950 -8.052469 0.469086 0.647359 -0.510273 0.428227 0.370364
1403638577.727829 3.742463 -8.197539 0.482545 0.647151 -0.511726 0.428823 0.368025
1403638577.827830 3.795919 -8.341535 0.488629 0.646877 -0.512915 0.429825 0.365675
1403638577.927830 3.853025 -8.487204 0.490385 0.647134 -0.512165 0.430422 0.365571
1403638578.027829 3.913303 -8.628692 0.493480 0.647333 -0.510719 0.431064 0.366484
1403638578.127830 3.978614 -8.772593 0.505058 0.645865 -0.511495 0.434545 0.363871
1403638578.227829 4.046105 -8.912258 0.520978 0.640793 -0.516619 0.442582 0.355823
1403638578.327830 4.114142 -9.051961 0.540364 0.637420 -0.520630 0.447517 0.349812
1403638578.427830 4.180111 -9.189082 0.555713 0.636783 -0.521106 0.447947 0.349714
1403638578.527829 4.243871 -9.325738 0.564307 0.636215 -0.521653 0.448076 0.349767
1403638578.627830 4.306445 -9.465657 0.569598 0.635373 -0.521536 0.448522 0.350897
1403638578.727829 4.365258 -9.596414 0.571078 0.636865 -0.519168 0.445995 0.354902
1403638578.827830 4.424763 -9.731089 0.568889 0.640519 -0.515505 0.440763 0.360164
1403638578.927830 4.482541 -9.857352 0.563806 0.641696 -0.512638 0.438942 0.364361
1403638579.027829 4.545021 -9.988000 0.563041 0.642795 -0.510536 0.438271 0.366178
1403638579.127830 4.605987 -10.105460 0.570013 0.643030 -0.509487 0.438794 0.366599
1403638579.227829 4.674075 -10.233415 0.586122 0.642987 -0.509232 0.439322 0.366397
1403638579.327830 4.740181 -10.344703 0.605259 0.641374 -0.510870 0.442358 0.363277
1403638579.427830 4.812804 -10.467689 0.624829 0.636820 -0.516184 0.448936 0.355629
1403638579.527829 4.879940 -10.572507 0.638339 0.633593 -0.518496 0.454637 0.350752
1403638579.627830 4.946396 -10.676768 0.647361 0.631133 -0.510417 0.465576 0.352681
1403638579.727829 5.011599 -10.781562 0.650057 0.636737 -0.494218 0.474459 0.353841
1403638579.827830 5.074633 -10.880607 0.646626 0.651946 -0.474054 0.479203 0.347280
1403638579.927830 5.137137 -10.975607 0.636792 0.672579 -0.450774 0.483416 0.332790
1403638580.027829 5.200263 -11.066492 0.624038 0.689901 -0.420810 0.496897 0.316306
1403638580.127830 5.262722 -11.146951 0.609940 0.702650 -0.384269 0.518649 0.299372
1403638580.227829 5.323015 -11.218116 0.590625 0.718190 -0.347432 0.536140 0.275770
1403638580.327830 5.380294 -11.281977 0.565689 0.735472 -0.315740 0.546360 0.246737
1403638580.427830 5.432764 -11.340171 0.534743 0.749033 -0.295171 0.552221 0.216508
1403638580.527829 5.481102 -11.397135 0.500986 0.757523 -0.280790 0.556036 0.195291
1403638580.627830 5.525668 -11.453453 0.466159 0.765693 -0.267013 0.557066 0.179155
1403638580.727829 5.566211 -11.507628 0.434654 0.776491 -0.251268 0.553643 0.165546
1403638580.827830 5.604404 -11.562639 0.413003 0.784501 -0.238381 0.550105 0.158485
1403638580.927830 5.639774 -11.614951 0.400593 0.788702 -0.230278 0.548690 0.154466
1403638581.027829 5.672094 -11.664824 0.396143 0.789853 -0.228210 0.549101 0.150137
1403638581.127830 5.704057 -11.714698 0.399897 0.790319 -0.226322 0.548950 0.151089
1403638581.227829 5.735848 -11.763830 0.408399 0.790496 -0.225696 0.548221 0.153724
1403638581.327830 5.766086 -11.811050 0.415389 0.790134 -0.226308 0.547400 0.157561
1403638581.427830 5.793972 -11.832474 0.450302 0.788102 -0.227990 0.548448 0.161619
1403638581.527829 5.821554 -11.868047 0.469085 0.786824 -0.230323 0.548532 0.164231
1403638581.627830 5.852425 -11.905967 0.488639 0.784505 -0.231415 0.550219 0.168101
1403638581.727829 5.883697 -11.941383 0.503680 0.779868 -0.231279 0.555435 0.172653
1403638581.827830 5.913723 -11.973304 0.511044 0.778226 -0.232647 0.556647 0.174310
1403638581.927830 5.942799 -12.001357 0.514254 0.771507 -0.232117 0.565164 0.177450
1403638582.027829 5.968800 -12.024282 0.514067 0.768017 -0.231363 0.569505 0.179682
1403638582.127830 5.985265 -12.000035 0.562343 0.774086 -0.234279 0.560384 0.178532
1403638582.227829 6.009817 -12.017153 0.579608 0.780174 -0.236636 0.551787 0.175679
1403638582.327830 6.035630 -12.033197 0.608096 0.778691 -0.234862 0.553968 0.177764
1403638582.427830 6.069138 -12.053735 0.647610 0.776258 -0.233439 0.557472 0.179320
1403638582.527829 6.091734 -12.057845 0.695449 0.775118 -0.232440 0.559131 0.180377
1403638582.627830 6.118665 -12.066233 0.751111 0.774999 -0.231913 0.559345 0.180903
1403638582.727829 6.140422 -12.061757 0.818806 0.777566 -0.232869 0.555626 0.180118
1403638582.827830 6.166049 -12.062812 0.886547 0.778926 -0.233768 0.553536 0.179516
1403638582.927830 6.184380 -12.049956 0.956837 0.780180 -0.234922 0.551357 0.179266
1403638583.027829 6.203392 -12.036241 1.017908 0.782905 -0.236516 0.547088 0.178369
1403638583.127830 6.222753 -12.020397 1.071042 0.784957 -0.237677 0.543799 0.177862
1403638583.227829 6.243969 -12.003119 1.117297 0.785978 -0.239126 0.541986 0.176944
1403638583.327830 6.266721 -11.986142 1.148021 0.785837 -0.238886 0.542160 0.177357
1403638583.427830 6.288690 -11.963488 1.185043 0.786153 -0.239126 0.541697 0.177051
1403638583.527829 6.314204 -11.942138 1.223498 0.786730 -0.239187 0.540934 0.176739
1403638583.627830 6.341829 -11.918245 1.271022 0.786628 -0.238618 0.541066 0.177553
1403638583.727829 6.370106 -11.889682 1.322829 0.786510 -0.237857 0.541152 0.178832
1403638583.827830 6.408207 -11.863533 1.351422 0.786341 -0.237277 0.541445 0.179455
1403638583.927830 6.441790 -11.833698 1.393091 0.785525 -0.237285 0.542712 0.179193
1403638584.027829 6.473163 -11.799545 1.425394 0.784825 -0.236497 0.543710 0.180272
1403638584.127830 6.515084 -11.766822 1.438077 0.777885 -0.233173 0.553554 0.184670
1403638584.227829 6.550267 -11.729931 1.465471 0.768216 -0.229465 0.567011 0.188912
1403638584.327830 6.578364 -11.684950 1.460690 0.762340 -0.228079 0.574983 0.190296
1403638584.427830 6.595932 -11.629467 1.448508 0.761384 -0.227922 0.576372 0.190110
1403638584.527829 6.603120 -11.566615 1.429617 0.760897 -0.228083 0.577165 0.189459
1403638584.627830 6.617547 -11.502622 1.439169 0.762104 -0.227886 0.575757 0.189126
1403638584.727829 6.627081 -11.432821 1.452762 0.765781 -0.229032 0.571108 0.186976
1403638584.827830 6.617434 -11.355401 1.438973 0.773861 -0.232075 0.560395 0.182315
1403638584.927830 6.622604 -11.275544 1.463722 0.779945 -0.236208 0.551792 0.177252
1403638585.027829 6.608891 -11.192943 1.451162 0.782653 -0.237418 0.547997 0.175463
1403638585.127830 6.598099 -11.116026 1.438873 0.782854 -0.238492 0.547697 0.174039
1403638585.227829 6.596201 -11.036591 1.439219 0.781751 -0.238674 0.549226 0.173928
1403638585.327830 6.591846 -10.960169 1.431842 0.779391 -0.237583 0.552719 0.174943
1403638585.427830 6.592031 -10.879519 1.424561 0.778834 -0.237387 0.553668 0.174689
1403638585.527829 6.586674 -10.802199 1.415244 0.779810 -0.237184 0.552347 0.174796
1403638585.627830 6.588900 -10.721108 1.418206 0.781880 -0.237288 0.549642 0.173931
1403638585.727829 6.578887 -10.642562 1.425811 0.785835 -0.237924 0.544187 0.172384
1403638585.827830 6.585772 -10.560253 1.445731 0.790547 -0.240058 0.537252 0.169612
1403638585.927830 6.582317 -10.482773 1.472334 0.792871 -0.242525 0.533727 0.166348
1403638586.027829 6.585121 -10.404211 1.507581 0.790090 -0.242907 0.537630 0.166458
1403638586.127830 6.600947 -10.327681 1.537701 0.786356 -0.242680 0.542443 0.168839
1403638586.227829 6.604688 -10.247867 1.562300 0.783906 -0.241639 0.545877 0.170646
1403638586.327830 6.619979 -10.172344 1.580063 0.780705 -0.239886 0.550152 0.174032
1403638586.427830 6.619674 -10.090077 1.595124 0.777956 -0.234976 0.553662 0.181736
1403638586.527829 6.632922 -10.011793 1.603551 0.776923 -0.230847 0.554619 0.188410
1403638586.627830 6.631307 -9.924139 1.604472 0.777390 -0.232635 0.554091 0.185818
1403638586.727829 6.642316 -9.840830 1.600061 0.777402 -0.235219 0.554144 0.182328
1403638586.827830 6.652255 -9.754768 1.589721 0.776581 -0.237207 0.555453 0.179236
1403638586.927830 6.652324 -9.664752 1.573439 0.775912 -0.236701 0.556640 0.179123
1403638587.027829 6.659678 -9.578289 1.552120 0.775756 -0.236981 0.557007 0.178283
1403638587.127830 6.658833 -9.486106 1.532987 0.775895 -0.237536 0.556840 0.177463
1403638587.227829 6.662137 -9.394594 1.521983 0.778166 -0.236983 0.553980 0.177210
1403638587.327830 6.660538 -9.302163 1.519820 0.779722 -0.237490 0.551700 0.176803
1403638587.427830 6.663017 -9.207257 1.521281 0.780351 -0.238453 0.550852 0.175369
1403638587.527829 6.661732 -9.109852 1.522873 0.780064 -0.239476 0.551225 0.174079
1403638587.627830 6.664721 -9.014175 1.519567 0.780018 -0.240732 0.551044 0.173119
1403638587.727829 6.664847 -8.916864 1.509893 0.779841 -0.240707 0.551213 0.173414
1403638587.827830 6.668128 -8.822000 1.496605 0.779377 -0.241925 0.551560 0.172702
1403638587.927830 6.671310 -8.729687 1.476439 0.779012 -0.242400 0.551976 0.172349
1403638588.027829 6.672337 -8.635079 1.454690 0.778340 -0.242456 0.552948 0.172190
1403638588.127830 6.674529 -8.546829 1.427867 0.778692 -0.240178 0.552433 0.175416
1403638588.227829 6.674009 -8.454441 1.400510 0.779577 -0.235522 0.551139 0.181757
1403638588.327830 6.676014 -8.364383 1.374803 0.780219 -0.234585 0.550412 0.182414
1403638588.427830 6.676501 -8.262256 1.360829 0.780077 -0.234504 0.550688 0.182293
1403638588.527829 6.679216 -8.164583 1.352052 0.779835 -0.235944 0.551144 0.180078
1403638588.627830 6.680712 -8.060715 1.352623 0.779184 -0.237163 0.552275 0.177816
1403638588.727829 6.679476 -7.958229 1.359228 0.777502 -0.239122 0.554666 0.175091
1403638588.827830 6.677046 -7.851849 1.368754 0.776843 -0.239899 0.555502 0.174301
1403638588.927830 6.679114 -7.751194 1.371161 0.776651 -0.241411 0.555520 0.173010
1403638589.027829 6.675199 -7.644740 1.365978 0.776619 -0.242134 0.555271 0.172938
1403638589.127830 6.677638 -7.545603 1.355879 0.776853 -0.241721 0.554658 0.174427
1403638589.227829 6.674016 -7.437073 1.339062 0.776498 -0.241710 0.555098 0.174625
1403638589.327830 6.674923 -7.336654 1.319074 0.775868 -0.241834 0.555866 0.174809
1403638589.427830 6.669515 -7.228267 1.301610 0.775921 -0.242098 0.555858 0.174234
1403638589.527829 6.665102 -7.126556 1.290093 0.776316 -0.242088 0.555383 0.174002
1403638589.627830 6.654866 -7.017038 1.285320 0.776117 -0.241864 0.555626 0.174421
1403638589.727829 6.649829 -6.915007 1.292884 0.777909 -0.242626 0.552988 0.173764
1403638589.827830 6.638706 -6.808702 1.300860 0.778726 -0.243570 0.551533 0.173407
1403638589.927830 6.631273 -6.710038 1.309204 0.779240 -0.243542 0.550451 0.174575
1403638590.027829 6.619664 -6.603840 1.306673 0.778786 -0.244997 0.550750 0.173619
1403638590.127830 6.610923 -6.505069 1.304318 0.778283 -0.245247 0.551151 0.174245
1403638590.227829 6.599544 -6.398934 1.292263 0.777419 -0.245556 0.552098 0.174673
1403638590.327830 6.587956 -6.305379 1.280754 0.777146 -0.245684 0.552464 0.174545
1403638590.427830 6.574428 -6.201695 1.261372 0.778155 -0.245923 0.550806 0.174955
1403638590.527829 6.561000 -6.104981 1.243130 0.778222 -0.246698 0.550751 0.173736
1403638590.627830 6.547497 -6.004082 1.227732 0.780269 -0.247178 0.547908 0.172860
1403638590.727829 6.533238 -5.915451 1.222898 0.781325 -0.248509 0.546529 0.170530
1403638590.827830 6.521998 -5.817998 1.224660 0.782385 -0.248289 0.545061 0.170692
1403638590.927830 6.509821 -5.729266 1.233996 0.782935 -0.248944 0.544286 0.169683
1403638591.027829 6.498334 -5.632594 1.248456 0.783695 -0.250161 0.542985 0.168552
1403638591.127830 6.483599 -5.538349 1.260420 0.786316 -0.250848 0.539093 0.167813
1403638591.227829 6.472953 -5.445192 1.266905 0.791265 -0.252540 0.531504 0.166212
1403638591.327830 6.463792 -5.360031 1.266066 0.796931 -0.255124 0.522793 0.162792
1403638591.427830 6.460838 -5.282145 1.261552 0.800132 -0.257276 0.517613 0.160231
1403638591.527829 6.465239 -5.209932 1.251037 0.802707 -0.259602 0.513368 0.157233
1403638591.627830 6.475991 -5.147343 1.234803 0.804773 -0.261016 0.510059 0.155084
1403638591.727829 6.495301 -5.096900 1.217628 0.803665 -0.261693 0.511548 0.154783
1403638591.827830 6.521718 -5.055726 1.201979 0.801282 -0.260503 0.515463 0.156150
1403638591.927830 6.553608 -5.027750 1.190582 0.798658 -0.259085 0.519900 0.157239
1403638592.027829 6.591033 -4.999970 1.188831 0.796023 -0.258487 0.524076 0.157721
1403638592.127830 6.633839 -4.986985 1.195589 0.794510 -0.257058 0.527094 0.157631
1403638592.227829 6.679561 -4.968630 1.212635 0.789838 -0.253685 0.536843 0.153622
1403638592.327830 6.726900 -4.960830 1.240674 0.785116 -0.246915 0.548789 0.146479
1403638592.427830 6.774451 -4.951968 1.276480 0.784689 -0.235187 0.557333 0.135388
1403638592.527829 6.818372 -4.945504 1.318238 0.789886 -0.220619 0.558395 0.124909
1403638592.627830 6.858803 -4.942021 1.365016 0.797266 -0.207429 0.554417 0.118160
1403638592.727829 6.898334 -4.942385 1.414681 0.804469 -0.197966 0.548625 0.112472
1403638592.827830 6.938524 -4.946373 1.459872 0.810828 -0.192457 0.542221 0.107307
1403638592.927830 6.979555 -4.953714 1.500027 0.814315 -0.188116 0.538875 0.105443
1403638593.027829 7.023412 -4.965120 1.535281 0.815731 -0.185536 0.537816 0.104462
1403638593.127830 7.071907 -4.981163 1.565930 0.815789 -0.184472 0.538176 0.104039
1403638593.227829 7.124785 -5.001429 1.602208 0.812357 -0.182507 0.543431 0.107003
1403638593.327830 7.181062 -5.023890 1.646298 0.809713 -0.177793 0.547254 0.115183
1403638593.427830 7.238059 -5.047022 1.692250 0.805074 -0.172262 0.553597 0.125346
1403638593.527829 7.295191 -5.068875 1.732080 0.801320 -0.170372 0.558368 0.130708
1403638593.627830 7.353116 -5.087656 1.765044 0.799374 -0.170137 0.560498 0.133777
1403638593.727829 7.410340 -5.101917 1.792381 0.797439 -0.169850 0.562874 0.135705
1403638593.827830 7.468874 -5.113179 1.814755 0.791120 -0.170887 0.571651 0.134693
1403638593.927830 7.522920 -5.118189 1.843482 0.781875 -0.168716 0.586140 0.129021
1403638594.027829 7.570947 -5.119993 1.874243 0.784310 -0.165887 0.585372 0.121154
1403638594.127830 7.612450 -5.119202 1.910169 0.790249 -0.162894 0.579308 0.115647
1403638594.227829 7.649264 -5.116731 1.947357 0.795062 -0.157894 0.574107 0.115531
1403638594.327830 7.682543 -5.112595 1.978828 0.795296 -0.153606 0.574893 0.115794
1403638594.427830 7.709945 -5.104848 2.015501 0.793839 -0.147242 0.577659 0.120201
1403638594.527829 7.735784 -5.092953 2.051679 0.793515 -0.146028 0.578716 0.118729
1403638594.627830 7.752079 -5.076349 2.100138 0.794033 -0.148447 0.578549 0.112942
1403638594.727829 7.769726 -5.058513 2.144498 0.794580 -0.151419 0.577748 0.109193
1403638594.827830 7.778017 -5.038645 2.187860 0.794889 -0.153105 0.577160 0.107688
1403638594.927830 7.789869 -5.018349 2.219760 0.795749 -0.154144 0.575713 0.107595
1403638595.027829 7.799301 -4.996787 2.245946 0.797284 -0.155781 0.573266 0.106941
1403638595.127830 7.801409 -4.972019 2.269909 0.798180 -0.156961 0.571706 0.106885
1403638595.227829 7.807780 -4.950283 2.282858 0.798650 -0.157322 0.570796 0.107703
1403638595.327830 7.813209 -4.927417 2.291439 0.798743 -0.157580 0.570508 0.108161
1403638595.427830 7.816023 -4.904200 2.294460 0.798582 -0.158449 0.570557 0.107819
1403638595.527829 7.816665 -4.880806 2.292922 0.799163 -0.158463 0.569730 0.107866
1403638595.627830 7.816849 -4.857112 2.292455 0.799771 -0.157771 0.568952 0.108477
1403638595.727829 7.815009 -4.832499 2.297685 0.800277 -0.154782 0.568240 0.112708
1403638595.827830 7.807595 -4.802467 2.310146 0.801033 -0.153246 0.567006 0.115611
1403638595.927830 7.804425 -4.776648 2.306983 0.800785 -0.152693 0.567257 0.116821
1403638596.027829 7.800988 -4.748290 2.291613 0.800543 -0.150044 0.567465 0.120835
1403638596.127830 7.798228 -4.716505 2.269921 0.801640 -0.143190 0.565399 0.131121
1403638596.227829 7.796142 -4.678169 2.251863 0.803584 -0.134530 0.561872 0.143018
1403638596.327830 7.793797 -4.629508 2.245252 0.804650 -0.126413 0.559323 0.154002
1403638596.427830 7.793850 -4.573776 2.243760 0.804545 -0.120878 0.558818 0.160679
1403638596.527829 7.797230 -4.505800 2.254357 0.804323 -0.115232 0.558400 0.167261
1403638596.627830 7.805217 -4.424947 2.270186 0.804766 -0.109416 0.556718 0.174485
1403638596.727829 7.818519 -4.327809 2.293590 0.805357 -0.104532 0.554794 0.180766
1403638596.827830 7.838375 -4.216056 2.327972 0.805026 -0.101044 0.554580 0.184833
1403638596.927830 7.859364 -4.084827 2.363683 0.803987 -0.099108 0.555653 0.187168
1403638597.027829 7.886189 -3.940666 2.400415 0.803030 -0.099077 0.556485 0.188813
1403638597.127830 7.916731 -3.781381 2.431095 0.801472 -0.098015 0.558027 0.191419
1403638597.227829 7.949581 -3.605151 2.454091 0.799350 -0.099262 0.560714 0.191798
1403638597.327830 7.983250 -3.413887 2.470521 0.797288 -0.102968 0.564236 0.188064
1403638597.427830 8.020227 -3.207225 2.481812 0.795269 -0.108732 0.568013 0.181896
1403638597.527829 8.057612 -2.986527 2.490011 0.790877 -0.117810 0.576009 0.169850
1403638597.627830 8.092608 -2.755564 2.492395 0.787560 -0.125242 0.581613 0.160591
1403638597.727829 8.124628 -2.516826 2.490010 0.786723 -0.125916 0.582713 0.160179
1403638597.827830 8.154050 -2.270970 2.482985 0.789230 -0.116145 0.579884 0.165409
1403638597.927830 8.180315 -2.016054 2.471065 0.791784 -0.104802 0.577378 0.169495
1403638598.027829 8.205437 -1.750774 2.459775 0.792706 -0.098276 0.577939 0.167171
1403638598.127830 8.230746 -1.473532 2.455382 0.793244 -0.102222 0.580795 0.151631
1403638598.227829 8.252613 -1.187329 2.456341 0.794327 -0.111844 0.582610 0.130769
1403638598.327830 8.272283 -0.897983 2.459209 0.796931 -0.119130 0.580660 0.116374
1403638598.427830 8.291606 -0.609676 2.457010 0.798979 -0.122634 0.578496 0.109246
1403638598.527829 8.308451 -0.322983 2.448664 0.800646 -0.122444 0.576946 0.105389
1403638598.627830 8.322917 -0.038464 2.431337 0.803862 -0.117346 0.574375 0.100645
1403638598.727829 8.336905 0.243554 2.412465 0.805629 -0.107029 0.574961 0.094477
1403638598.827830 8.349335 0.523352 2.397767 0.806701 -0.094302 0.577078 0.085566
1403638598.927830 8.359312 0.799621 2.388261 0.809135 -0.078679 0.577320 0.076233
1403638599.027829 8.367223 1.073325 2.381735 0.810854 -0.062939 0.578375 0.063534
1403638599.127830 8.374282 1.344942 2.382141 0.811951 -0.044692 0.579627 0.052633
1403638599.227829 8.377202 1.614447 2.386615 0.813389 -0.026108 0.579680 0.041074
1403638599.327830 8.378274 1.882448 2.397332 0.815317 -0.007982 0.578290 0.027846
1403638599.427830 8.376104 2.148701 2.414746 0.818066 0.008502 0.574763 0.018529
1403638599.527829 8.372300 2.414169 2.434469 0.820156 0.019666 0.571685 0.011598
1403638599.627830 8.366307 2.679840 2.448075 0.821741 0.025017 0.569283 0.005754
1403638599.727829 8.359908 2.943777 2.452737 0.822891 0.028249 0.567485 0.003627
1403638599.827830 8.357008 3.206237 2.449620 0.823516 0.027408 0.566624 0.002585
1403638599.927830 8.356245 3.466250 2.441769 0.824757 0.023647 0.564993 -0.000187
1403638600.027829 8.358558 3.725759 2.428570 0.824163 0.017066 0.566072 -0.005119
1403638600.127830 8.365005 3.980527 2.412229 0.826305 0.007621 0.563013 -0.013343
1403638600.227829 8.373769 4.229586 2.391887 0.829163 -0.004057 0.558426 -0.025161
1403638600.327830 8.385140 4.470116 2.367787 0.830910 -0.013671 0.555204 -0.033922
1403638600.427830 8.401566 4.699314 2.346883 0.832190 -0.022022 0.552481 -0.041704
1403638600.527829 8.422665 4.913262 2.335454 0.832925 -0.024855 0.551163 -0.042875
1403638600.627830 8.448875 5.113658 2.334358 0.834272 -0.026240 0.549092 -0.042418
1403638600.727829 8.479583 5.298497 2.340419 0.836451 -0.027425 0.545666 -0.042961
1403638600.827830 8.516608 5.468135 2.352119 0.840407 -0.024252 0.539974 -0.039439
1403638600.927830 8.560870 5.622889 2.366093 0.843523 -0.011775 0.536433 -0.023870
1403638601.027829 8.613386 5.767886 2.375032 0.844333 -0.000562 0.535717 -0.010430
1403638601.127830 8.673500 5.907242 2.378274 0.843118 0.005210 0.537690 -0.003884
1403638601.227829 8.740863 6.044595 2.376618 0.840088 0.012528 0.542284 0.004795
1403638601.327830 8.815941 6.183267 2.372040 0.832657 0.019024 0.553352 0.011029
1403638601.427830 8.896002 6.323845 2.368274 0.828281 0.021496 0.559900 0.000497
1403638601.527829 8.978507 6.464337 2.371486 0.824023 0.031066 0.565590 -0.011364
1403638601.627830 9.060885 6.604143 2.381493 0.820575 0.048052 0.569067 -0.022564
1403638601.727829 9.142794 6.744590 2.397214 0.817842 0.071089 0.569977 -0.034754
1403638601.827830 9.222331 6.884538 2.420739 0.813272 0.098773 0.571397 -0.048347
1403638601.927830 9.298094 7.025568 2.450615 0.808491 0.126389 0.571363 -0.062544
1403638602.027829 9.370862 7.168282 2.477950 0.805947 0.146555 0.568555 -0.075604
1403638602.127830 9.440225 7.312336 2.498641 0.802742 0.161907 0.567769 -0.083846
1403638602.227829 9.505287 7.458467 2.513518 0.796285 0.178652 0.570974 -0.089453
1403638602.327830 9.565047 7.607614 2.525481 0.787541 0.194695 0.575572 -0.102909
1403638602.427830 9.616767 7.760341 2.543261 0.771679 0.202294 0.587642 -0.135149
1403638602.527829 9.659117 7.910578 2.570768 0.748027 0.207303 0.606849 -0.170926
1403638602.627830 9.688266 8.048917 2.604687 0.730960 0.215220 0.615850 -0.200268
1403638602.727829 9.702571 8.171093 2.642868 0.724597 0.232040 0.612160 -0.215353
1403638602.827830 9.699425 8.274842 2.686908 0.720628 0.253199 0.605502 -0.223503
1403638602.927830 9.680456 8.362365 2.734170 0.718826 0.271256 0.594390 -0.237507
1403638603.027829 9.652735 8.438303 2.780882 0.717343 0.284844 0.580591 -0.259224
1403638603.127830 9.619483 8.501012 2.823973 0.709444 0.298758 0.575527 -0.276045
1403638603.227829 9.579607 8.548117 2.856810 0.708699 0.314686 0.565731 -0.280476
1403638603.327830 9.534462 8.581904 2.878379 0.720482 0.331506 0.543905 -0.274185
1403638603.427830 9.486659 8.606313 2.892718 0.731286 0.342763 0.525115 -0.268307
1403638603.527829 9.440123 8.626239 2.903714 0.734814 0.348115 0.517612 -0.266350
1403638603.627830 9.394073 8.643946 2.911994 0.728760 0.350361 0.522333 -0.270785
1403638603.727829 9.346285 8.655677 2.913626 0.720324 0.355251 0.532115 -0.267926
1403638603.827830 9.296113 8.661817 2.907448 0.712263 0.360665 0.542255 -0.261843
1403638603.927830 9.239266 8.664832 2.893997 0.705001 0.365098 0.551933 -0.255043
1403638604.027829 9.175792 8.663757 2.873500 0.699868 0.367670 0.559133 -0.249746
1403638604.127830 9.101741 8.664161 2.853002 0.696879 0.369177 0.563503 -0.246033
1403638604.227829 9.018953 8.658024 2.839798 0.698260 0.367725 0.561338 -0.249220
1403638604.327830 8.923046 8.649195 2.834229 0.704802 0.363793 0.552680 -0.255841
1403638604.427830 8.819495 8.634242 2.835213 0.712949 0.362587 0.541900 -0.258028
1403638604.527829 8.712056 8.613922 2.843348 0.720134 0.364817 0.532180 -0.255147
1403638604.627830 8.601614 8.592480 2.851723 0.723224 0.365751 0.527799 -0.254168
1403638604.727829 8.490703 8.569921 2.853298 0.725855 0.363149 0.523951 -0.258325
1403638604.827830 8.380085 8.544814 2.851886 0.728144 0.360893 0.520649 -0.261700
1403638604.927830 8.269554 8.517865 2.852841 0.732242 0.361988 0.514880 -0.260164
1403638605.027829 8.161257 8.489198 2.858193 0.739379 0.364164 0.504482 -0.257297
1403638605.127830 8.054571 8.459943 2.871893 0.744713 0.366214 0.496522 -0.254471
1403638605.227829 7.953087 8.433779 2.892180 0.746511 0.368353 0.493762 -0.251467
1403638605.327830 7.857050 8.414638 2.909696 0.745438 0.371652 0.495286 -0.246755
1403638605.427830 7.764658 8.402236 2.923242 0.737744 0.376645 0.506218 -0.240031
1403638605.527829 7.671139 8.392784 2.929442 0.727477 0.381022 0.520391 -0.234077
1403638605.627830 7.576599 8.387483 2.929405 0.719998 0.385394 0.530187 -0.227980
1403638605.727829 7.476954 8.387888 2.928497 0.716729 0.387450 0.534308 -0.225162
1403638605.827830 7.371044 8.393742 2.935160 0.717321 0.388295 0.533546 -0.223623
1403638605.927830 7.260204 8.404211 2.951843 0.716720 0.389834 0.534409 -0.220793
1403638606.027829 7.143153 8.423782 2.969219 0.716061 0.391530 0.535729 -0.216692
1403638606.127830 7.018425 8.446197 2.984275 0.716121 0.392400 0.536178 -0.213789
1403638606.227829 6.886511 8.475183 2.988327 0.716294 0.393877 0.536098 -0.210673
1403638606.327830 6.747005 8.508327 2.988835 0.720271 0.391929 0.531709 -0.211867
1403638606.427830 6.600942 8.547896 2.978485 0.730581 0.386264 0.518855 -0.218726
1403638606.527829 6.451112 8.592392 2.963863 0.741203 0.379494 0.504956 -0.227204
1403638606.627830 6.302199 8.642293 2.945082 0.747266 0.378160 0.494430 -0.232654
1403638606.727829 6.156035 8.698716 2.922327 0.748651 0.384609 0.485379 -0.236651
1403638606.827830 6.014419 8.761331 2.896060 0.746017 0.395666 0.477236 -0.243211
1403638606.927830 5.880222 8.832008 2.871354 0.739886 0.409905 0.469662 -0.252911
1403638607.027829 5.753949 8.911400 2.852753 0.731537 0.424781 0.462103 -0.266225
1403638607.127830 5.637085 8.997702 2.844109 0.723893 0.434342 0.455197 -0.283056
1403638607.227829 5.527770 9.090693 2.840836 0.711163 0.440484 0.460053 -0.297611
1403638607.327830 5.424394 9.186514 2.831535 0.699333 0.442509 0.467596 -0.310600
1403638607.427830 5.327037 9.284077 2.813082 0.692734 0.443140 0.470549 -0.319892
1403638607.527829 5.234849 9.380618 2.785356 0.691810 0.443760 0.468372 -0.324197
1403638607.627830 5.147792 9.473762 2.752652 0.690542 0.445041 0.468206 -0.325382
1403638607.727829 5.065050 9.564673 2.717315 0.688155 0.445434 0.471545 -0.325080
1403638607.827830 4.984558 9.653794 2.678975 0.688783 0.445105 0.471456 -0.324328
1403638607.927830 4.906510 9.739462 2.638387 0.693034 0.441720 0.466795 -0.326634
1403638608.027829 4.833671 9.824337 2.591863 0.694777 0.438102 0.466083 -0.328814
1403638608.127830 4.766384 9.907436 2.541465 0.692169 0.437077 0.471988 -0.327250
1403638608.227829 4.704185 9.986326 2.487297 0.688169 0.437644 0.479643 -0.323780
1403638608.327830 4.645305 10.061331 2.429007 0.683211 0.436069 0.488050 -0.323842
1403638608.427830 4.587451 10.130438 2.366439 0.679621 0.435272 0.493327 -0.324474
1403638608.527829 4.529372 10.196761 2.297097 0.681498 0.435957 0.491214 -0.322819
1403638608.627830 4.471897 10.256927 2.226207 0.680725 0.433563 0.492939 -0.325033
1403638608.727829 4.412402 10.310849 2.160587 0.677942 0.431253 0.496156 -0.329006
1403638608.827830 4.355432 10.358556 2.097784 0.680632 0.432655 0.492339 -0.327340
1403638608.927830 4.296725 10.401168 2.042796 0.684547 0.433987 0.486835 -0.325642
1403638609.027829 4.240261 10.437552 1.994714 0.688253 0.434158 0.481318 -0.325805
1403638609.127830 4.186700 10.470249 1.953580 0.689769 0.434844 0.479272 -0.324697
1403638609.227829 4.136994 10.499429 1.916679 0.689828 0.429977 0.478903 -0.331525
1403638609.327830 4.089865 10.524758 1.874807 0.690273 0.426959 0.478301 -0.335346
1403638609.427830 4.047106 10.547027 1.825160 0.690227 0.428903 0.478809 -0.332220
1403638609.527829 4.005836 10.564156 1.769212 0.690291 0.431027 0.479397 -0.328471
1403638609.627830 3.967025 10.582243 1.706149 0.690345 0.431926 0.479897 -0.326439
1403638609.727829 3.931770 10.594112 1.640067 0.689168 0.434100 0.481667 -0.323423
1403638609.827830 3.899224 10.609418 1.577061 0.690214 0.433850 0.480123 -0.323823
1403638609.927830 3.870289 10.615766 1.524856 0.689800 0.433626 0.480751 -0.324072
1403638610.027829 3.846770 10.621412 1.479200 0.688629 0.432040 0.482212 -0.326501
1403638610.127830 3.823009 10.622353 1.441729 0.685798 0.429738 0.486149 -0.329645
1403638610.227829 3.800759 10.619495 1.403785 0.683035 0.428724 0.490006 -0.330989
1403638610.327830 3.778860 10.611669 1.359165 0.682154 0.427474 0.491496 -0.332211
1403638610.427830 3.760262 10.599758 1.308658 0.681804 0.426245 0.492148 -0.333539
1403638610.527829 3.739693 10.582639 1.252816 0.678868 0.426126 0.496578 -0.333115
1403638610.627830 3.719982 10.558137 1.194883 0.671738 0.422065 0.505874 -0.338706
1403638610.727829 3.698406 10.524186 1.137433 0.672421 0.422337 0.504571 -0.338953
1403638610.827830 3.675476 10.481838 1.084998 0.679688 0.425793 0.493978 -0.335725
1403638610.927830 3.655673 10.435142 1.044270 0.682601 0.428364 0.488818 -0.334092
1403638611.027829 3.636368 10.385225 1.004248 0.681569 0.426555 0.489949 -0.336845
1403638611.127830 3.617101 10.329435 0.957859 0.678884 0.425493 0.492842 -0.339381
1403638611.227829 3.601135 10.268591 0.910824 0.678327 0.426450 0.492922 -0.339177
1403638611.327830 3.585589 10.200422 0.867070 0.677650 0.428795 0.493671 -0.336473
1403638611.427830 3.568835 10.125445 0.828327 0.672973 0.435870 0.500974 -0.325806
1403638611.527829 3.547100 10.047528 0.793147 0.670033 0.442748 0.505728 -0.315072
1403638611.627830 3.520975 9.967245 0.764742 0.671897 0.445297 0.504264 -0.309810
1403638611.727829 3.491008 9.884973 0.739794 0.676074 0.443525 0.499058 -0.311689
1403638611.827830 3.459523 9.801285 0.711069 0.681943 0.438542 0.491405 -0.318051
1403638611.927830 3.428593 9.717832 0.678902 0.686761 0.435064 0.485370 -0.321705
1403638612.027829 3.398150 9.633521 0.645754 0.689462 0.433427 0.481893 -0.323360
1403638612.127830 3.369501 9.549659 0.616158 0.691360 0.431840 0.479653 -0.324758
1403638612.227829 3.343229 9.465008 0.596511 0.691903 0.431981 0.479297 -0.323939
1403638612.327830 3.320961 9.381410 0.581744 0.691547 0.432266 0.479919 -0.323398
1403638612.427830 3.300843 9.296106 0.570022 0.690517 0.432032 0.482144 -0.322601
1403638612.527829 3.281837 9.210148 0.551598 0.688500 0.431928 0.486423 -0.320621
1403638612.627830 3.262648 9.123179 0.526443 0.686810 0.433765 0.490294 -0.315835
1403638612.727829 3.242055 9.034728 0.492832 0.685019 0.434850 0.494527 -0.311605
1403638612.827830 3.221160 8.948756 0.458845 0.684101 0.433212 0.497832 -0.310640
1403638612.927830 3.193724 8.857477 0.424198 0.683672 0.430757 0.499953 -0.311589
1403638613.027829 3.167201 8.771431 0.398595 0.686168 0.429770 0.497482 -0.311420
1403638613.127830 3.137243 8.683461 0.381251 0.687694 0.428893 0.496001 -0.311625
1403638613.227829 3.102978 8.589953 0.369006 0.689400 0.428589 0.493926 -0.311571
1403638613.327830 3.072235 8.502454 0.365751 0.689980 0.429126 0.493272 -0.310581
1403638613.427830 3.036717 8.408926 0.363938 0.689246 0.429625 0.494299 -0.309888
1403638613.527829 3.002610 8.321067 0.357962 0.689188 0.426161 0.496669 -0.311007
1403638613.627830 2.967590 8.232591 0.346214 0.690837 0.419977 0.498469 -0.312877
1403638613.727829 2.927896 8.137608 0.327209 0.689895 0.413308 0.502822 -0.316847
1403638613.827830 2.891072 8.045796 0.300934 0.690474 0.405938 0.508109 -0.316679
1403638613.927830 2.852321 7.946163 0.268220 0.694736 0.397170 0.512481 -0.311387
1403638614.027829 2.815927 7.845275 0.231878 0.701952 0.386509 0.517057 -0.300875
1403638614.127830 2.777586 7.740313 0.191593 0.711571 0.373598 0.520753 -0.287937
1403638614.227829 2.738013 7.630555 0.154527 0.721655 0.360407 0.523461 -0.274425
1403638614.327830 2.695300 7.515249 0.123051 0.729647 0.349231 0.525014 -0.264598
1403638614.427830 2.651759 7.400076 0.098840 0.735551 0.339609 0.525684 -0.259399
1403638614.527829 2.607692 7.286695 0.084447 0.740100 0.331481 0.525926 -0.256463
1403638614.627830 2.563935 7.173022 0.078403 0.744718 0.321457 0.527347 -0.252914
1403638614.727829 2.524149 7.062714 0.083916 0.752409 0.307273 0.526053 -0.250463
1403638614.827830 2.487461 6.951710 0.099854 0.763287 0.290325 0.522448 -0.245261
1403638614.927830 2.455670 6.838796 0.123508 0.773833 0.272772 0.521315 -0.234539
1403638615.027829 2.431785 6.725173 0.152474 0.783077 0.252206 0.524185 -0.220027
1403638615.127830 2.414574 6.610163 0.186210 0.789720 0.230939 0.532149 -0.199568
1403638615.227829 2.403757 6.494193 0.226080 0.791951 0.209971 0.545847 -0.175433
1403638615.327830 2.397148 6.381353 0.266356 0.795234 0.185922 0.556348 -0.153339
1403638615.427830 2.384789 6.256602 0.296172 0.798866 0.160031 0.564444 -0.132690
1403638615.527829 2.380853 6.146096 0.325008 0.803062 0.134649 0.569341 -0.113189
1403638615.627830 2.369955 6.025546 0.344302 0.805675 0.113643 0.573014 -0.098120
1403638615.727829 2.358243 5.906150 0.362783 0.807630 0.098902 0.574613 -0.088158
1403638615.827830 2.345822 5.789283 0.389477 0.808953 0.088057 0.575507 -0.081439
1403638615.927830 2.330654 5.672504 0.419600 0.810058 0.075431 0.576448 -0.076316
1403638616.027829 2.316044 5.555513 0.444232 0.811771 0.063597 0.576474 -0.068271
1403638616.127830 2.300838 5.437439 0.460283 0.812824 0.051032 0.577303 -0.058601
1403638616.227829 2.283505 5.319656 0.460845 0.814399 0.034644 0.577204 -0.048884
1403638616.327830 2.265690 5.201033 0.444520 0.815518 0.015650 0.577369 -0.036481
1403638616.427830 2.246858 5.078671 0.417775 0.816329 -0.003230 0.577093 -0.023669
1403638616.527829 2.226593 4.956360 0.386246 0.817256 -0.018792 0.575791 -0.014274
1403638616.627830 2.207092 4.835146 0.351453 0.820282 -0.029695 0.571152 -0.006432
1403638616.727829 2.187809 4.713972 0.312819 0.827538 -0.039253 0.560017 -0.004687
1403638616.827830 2.173352 4.593293 0.270819 0.835194 -0.048380 0.547744 -0.009340
1403638616.927830 2.165976 4.469515 0.233081 0.837320 -0.051171 0.544227 -0.009670
1403638617.027829 2.165944 4.341313 0.206099 0.834051 -0.046336 0.549732 -0.002693
1403638617.127830 2.170568 4.210214 0.187912 0.830129 -0.039564 0.556149 0.004233
1403638617.227829 2.178813 4.077258 0.175588 0.829910 -0.033895 0.556814 0.007642
1403638617.327830 2.191166 3.945404 0.167763 0.833086 -0.030934 0.552235 0.006888
1403638617.427830 2.208135 3.815903 0.166766 0.837224 -0.027263 0.546127 0.007585
1403638617.527829 2.231274 3.689209 0.174655 0.838978 -0.023979 0.543586 0.007380
1403638617.627830 2.261271 3.565810 0.191304 0.838518 -0.021193 0.544413 0.007350
1403638617.727829 2.299217 3.448461 0.217095 0.836769 -0.017044 0.547215 0.009125
1403638617.827830 2.342083 3.334672 0.249236 0.836633 -0.014398 0.547493 0.009448
1403638617.927830 2.390019 3.226735 0.288957 0.835456 -0.013391 0.549336 0.008047
1403638618.027829 2.442178 3.120701 0.327085 0.834973 -0.012225 0.550110 0.007039
1403638618.127830 2.498531 3.017238 0.359131 0.835081 -0.011768 0.549977 0.005060
1403638618.227829 2.558692 2.915075 0.384386 0.834828 -0.010637 0.550389 0.004508
1403638618.327830 2.621789 2.817787 0.404967 0.834144 -0.009153 0.551449 0.004918
1403638618.427830 2.688077 2.721992 0.421878 0.834032 -0.008125 0.551635 0.004753
1403638618.527829 2.757723 2.631239 0.438022 0.833485 -0.006983 0.552482 0.004210
1403638618.627830 2.831570 2.540415 0.450606 0.833147 -0.008859 0.552939 0.006867
1403638618.727829 2.909029 2.454795 0.465232 0.832942 -0.011092 0.553138 0.011069
1403638618.827830 2.990566 2.372226 0.485278 0.831819 -0.015036 0.554705 0.012396
1403638618.927830 3.074634 2.293737 0.510589 0.829224 -0.020385 0.558279 0.017212
1403638619.027829 3.160874 2.216876 0.531902 0.824887 -0.031719 0.563813 0.025883
1403638619.127830 3.247383 2.141904 0.545180 0.821401 -0.047589 0.566963 0.039863
1403638619.227829 3.334162 2.068495 0.548940 0.817951 -0.069379 0.568572 0.053550
1403638619.327830 3.421486 2.000891 0.547305 0.814493 -0.094268 0.568279 0.069084
1403638619.427830 3.506260 1.936209 0.538614 0.810040 -0.117728 0.568489 0.082433
1403638619.527829 3.591439 1.873516 0.526150 0.806178 -0.136138 0.568609 0.090704
1403638619.627830 3.675820 1.814131 0.514652 0.803252 -0.151698 0.568354 0.093530
1403638619.727829 3.758571 1.755348 0.499276 0.800650 -0.166608 0.568721 0.088080
1403638619.827830 3.838986 1.695852 0.478245 0.797893 -0.175612 0.570237 0.085775
1403638619.927830 3.915421 1.633746 0.455182 0.796374 -0.180661 0.570698 0.086337
1403638620.027829 3.987842 1.567812 0.430653 0.795158 -0.182658 0.571353 0.088971
1403638620.127830 4.054439 1.497818 0.412514 0.792357 -0.182769 0.574658 0.092378
1403638620.227829 4.115349 1.425120 0.401716 0.790103 -0.182249 0.577470 0.095136
1403638620.327830 4.165242 1.350258 0.402831 0.791685 -0.179754 0.575392 0.099234
1403638620.427830 4.207868 1.274841 0.410917 0.792725 -0.178033 0.574261 0.100579
1403638620.527829 4.245800 1.199108 0.418708 0.793941 -0.175826 0.573145 0.101229
1403638620.627830 4.284975 1.121821 0.421593 0.796118 -0.175056 0.570690 0.099322
1403638620.727829 4.320940 1.044391 0.418580 0.799317 -0.175693 0.566657 0.095523
1403638620.827830 4.350776 0.966524 0.411621 0.802322 -0.174202 0.563067 0.094279
1403638620.927830 4.383588 0.885592 0.399984 0.804175 -0.168199 0.561389 0.099269
1403638621.027829 4.414337 0.805378 0.385299 0.803352 -0.162356 0.563435 0.103957
1403638621.127830 4.440156 0.727168 0.371258 0.802173 -0.159346 0.565858 0.104555
1403638621.227829 4.469923 0.648539 0.365048 0.800625 -0.156974 0.568772 0.104195
1403638621.327830 4.498269 0.571900 0.365783 0.801107 -0.153951 0.568644 0.105691
1403638621.427830 4.524871 0.498345 0.365112 0.799901 -0.151889 0.570912 0.105585
1403638621.527829 4.547756 0.429252 0.360153 0.797904 -0.149359 0.574198 0.106477
1403638621.627830 4.571093 0.362237 0.349239 0.796222 -0.147992 0.576906 0.106342
1403638621.727829 4.588639 0.301553 0.333471 0.795404 -0.146844 0.578280 0.106588
1403638621.827830 4.605230 0.241269 0.313791 0.793085 -0.145292 0.581584 0.108013
1403638621.927830 4.616210 0.186528 0.291891 0.789633 -0.143760 0.586375 0.109443
1403638622.027829 4.620362 0.141132 0.267459 0.788124 -0.143790 0.588527 0.108726
1403638622.127830 4.623425 0.094667 0.238444 0.788761 -0.146003 0.587594 0.106176
1403638622.227829 4.619872 0.054491 0.209960 0.789081 -0.147782 0.587134 0.103856
1403638622.327830 4.611593 0.016365 0.187512 0.789059 -0.149822 0.587031 0.101651
1403638622.427830 4.595972 -0.014667 0.175630 0.789946 -0.149202 0.585539 0.104251
1403638622.527829 4.577231 -0.049049 0.168879 0.789971 -0.148071 0.585259 0.107200
1403638622.627830 4.554079 -0.078795 0.169577 0.788412 -0.145598 0.587045 0.112189
1403638622.727829 4.524948 -0.098120 0.184386 0.780438 -0.144042 0.597350 0.115507
1403638622.827830 4.491990 -0.119791 0.201994 0.770777 -0.143644 0.609506 0.117350
1403638622.927830 4.452752 -0.131409 0.223703 0.770880 -0.144855 0.609157 0.117000
1403638623.027829 4.403471 -0.137155 0.240204 0.777078 -0.147813 0.600994 0.114485
1403638623.127830 4.345120 -0.140362 0.249987 0.782811 -0.151383 0.593350 0.110572
1403638623.227829 4.279134 -0.136666 0.255250 0.785881 -0.154273 0.589246 0.106673
1403638623.327830 4.208364 -0.133648 0.254771 0.789343 -0.156071 0.584558 0.104261
1403638623.427830 4.135399 -0.132347 0.250337 0.792098 -0.156166 0.580768 0.104406
1403638623.527829 4.058720 -0.128945 0.245413 0.792649 -0.156924 0.580053 0.103058
1403638623.627830 3.979266 -0.125340 0.245452 0.792039 -0.155667 0.580713 0.105898
1403638623.727829 3.894517 -0.121011 0.252468 0.792727 -0.155286 0.579559 0.107619
1403638623.827830 3.806980 -0.115055 0.264831 0.793579 -0.155014 0.578148 0.109310
1403638623.927830 3.715181 -0.107271 0.281090 0.795303 -0.155670 0.575286 0.110931
1403638624.027829 3.620261 -0.098945 0.291675 0.795961 -0.156803 0.574032 0.111108
1403638624.127830 3.525232 -0.087816 0.298062 0.796435 -0.159700 0.572998 0.108909
1403638624.227829 3.429930 -0.077567 0.300275 0.796407 -0.162557 0.572703 0.106412
1403638624.327830 3.331934 -0.065669 0.296904 0.795678 -0.164565 0.573338 0.105349
1403638624.427830 3.234504 -0.054092 0.289697 0.795429 -0.165906 0.573306 0.105306
1403638624.527829 3.138788 -0.045521 0.282094 0.792338 -0.168221 0.577107 0.104166
1403638624.627830 3.036732 -0.035312 0.266894 0.782630 -0.170727 0.589933 0.101592
1403638624.727829 2.931955 -0.025767 0.252101 0.785060 -0.163967 0.587854 0.105943
1403638624.827830 2.831873 -0.018511 0.247276 0.792087 -0.154319 0.580416 0.109091
1403638624.927830 2.717892 -0.004558 0.247111 0.796515 -0.148905 0.576246 0.106455
1403638625.027829 2.615354 0.004963 0.253087 0.798140 -0.147154 0.575750 0.099144
1403638625.127830 2.501619 0.019670 0.254963 0.799155 -0.147724 0.575554 0.090917
1403638625.227829 2.402842 0.027359 0.253716 0.800405 -0.146800 0.574695 0.086756
1403638625.327830 2.290163 0.039029 0.248781 0.800702 -0.145342 0.574849 0.085444
1403638625.427830 2.190732 0.044065 0.247191 0.800628 -0.144084 0.575345 0.084932
1403638625.527829 2.078681 0.053040 0.249962 0.800428 -0.143586 0.575754 0.084882
1403638625.627830 1.969780 0.059999 0.259560 0.801907 -0.143381 0.573663 0.085428
1403638625.727829 1.869354 0.062623 0.275819 0.804897 -0.144119 0.569436 0.084340
1403638625.827830 1.759254 0.068512 0.288171 0.809231 -0.145120 0.563107 0.083649
1403638625.927830 1.654751 0.068849 0.298749 0.810250 -0.144852 0.561531 0.084836
1403638626.027829 1.551861 0.068118 0.301386 0.810988 -0.145845 0.560219 0.084754
1403638626.127830 1.450505 0.067206 0.299881 0.811412 -0.147758 0.559357 0.083054
1403638626.227829 1.356330 0.063779 0.291981 0.811273 -0.147125 0.559485 0.084655
1403638626.327830 1.260915 0.059133 0.282467 0.809338 -0.143272 0.562285 0.090996
1403638626.427830 1.167471 0.054659 0.269636 0.807166 -0.139152 0.565497 0.096610
1403638626.527829 1.072679 0.050896 0.253122 0.808425 -0.137709 0.563806 0.098019
1403638626.627830 0.983262 0.047896 0.237653 0.810513 -0.138451 0.560829 0.096805
1403638626.727829 0.897271 0.046137 0.223741 0.813357 -0.139170 0.556811 0.095104
1403638626.827830 0.813581 0.044551 0.215483 0.816558 -0.140081 0.552169 0.093381
1403638626.927830 0.737136 0.043044 0.216873 0.818814 -0.139593 0.548940 0.093390
1403638627.027829 0.666447 0.041252 0.218708 0.818872 -0.139401 0.549013 0.092736
1403638627.127830 0.599927 0.039069 0.218699 0.818655 -0.139229 0.549509 0.091971
1403638627.227829 0.537703 0.035697 0.213705 0.818543 -0.139018 0.549835 0.091337
1403638627.327830 0.483612 0.031379 0.203310 0.818598 -0.136744 0.549887 0.093929
1403638627.427830 0.433954 0.028196 0.193767 0.818476 -0.135707 0.550124 0.095103
1403638627.527829 0.389915 0.024840 0.181600 0.818153 -0.135996 0.550587 0.094792
1403638627.627830 0.351819 0.022451 0.167957 0.816107 -0.134516 0.553412 0.098031
1403638627.727829 0.335146 0.023027 0.147251 0.813077 -0.134434 0.557688 0.099083
1403638627.827830 0.305321 0.022064 0.131655 0.811746 -0.134128 0.559489 0.100248
1403638627.927830 0.276146 0.022511 0.115995 0.812923 -0.134079 0.557647 0.101037
1403638628.027829 0.256984 0.023678 0.098766 0.814565 -0.134038 0.555032 0.102260
1403638628.127830 0.230725 0.028399 0.085600 0.815507 -0.134571 0.553409 0.102847
1403638628.227829 0.209301 0.035235 0.073999 0.815617 -0.135303 0.552996 0.103234
1403638628.327830 0.202155 0.044078 0.064487 0.816393 -0.136450 0.551628 0.102908
1403638628.427830 0.189295 0.053342 0.057568 0.815959 -0.138526 0.552214 0.100401
1403638628.527829 0.182675 0.063393 0.053843 0.810162 -0.144883 0.560514 0.092031
1403638628.627830 0.176828 0.072234 0.053095 0.803398 -0.149611 0.569936 0.085674
1403638628.727829 0.168726 0.079402 0.051670 0.802914 -0.151364 0.570528 0.083160
1403638628.827830 0.172285 0.084382 0.045011 0.804444 -0.149372 0.568348 0.086822
1403638628.927830 0.161517 0.087422 0.033623 0.804510 -0.146974 0.568188 0.091242
1403638629.027829 0.152095 0.090064 0.022622 0.805509 -0.143538 0.566826 0.096233
1403638629.127830 0.144141 0.094291 0.017329 0.806832 -0.140744 0.565034 0.099751
1403638629.227829 0.129408 0.099146 0.009765 0.807809 -0.139237 0.563704 0.101467
1403638629.327830 0.117618 0.104024 0.006074 0.808609 -0.138520 0.562496 0.102775
1403638629.427830 0.110440 0.111431 0.004615 0.812694 -0.139433 0.556421 0.102382
1403638629.527829 0.114968 0.117053 0.005565 0.817389 -0.141950 0.549365 0.099613
1403638629.627830 0.119657 0.123533 0.007146 0.817744 -0.147298 0.548675 0.092490
1403638629.727829 0.127357 0.128522 0.011185 0.813800 -0.154961 0.554022 0.082312
1403638629.827830 0.134812 0.131368 0.014002 0.807801 -0.158261 0.562376 0.078390
1403638629.927830 0.141700 0.130541 0.010066 0.801640 -0.155587 0.571135 0.083493
1403638630.027829 0.145814 0.127017 -0.003209 0.795754 -0.148430 0.579522 0.094337
1403638630.127830 0.146266 0.124263 -0.027818 0.796106 -0.143789 0.579099 0.100918
1403638630.227829 0.143747 0.123136 -0.059067 0.800191 -0.141706 0.573493 0.103534
1403638630.327830 0.139348 0.122549 -0.096730 0.806822 -0.141173 0.563815 0.105928
1403638630.427830 0.147258 0.126542 -0.098912 0.813057 -0.147583 0.555719 0.091288
1403638630.527829 0.158322 0.127190 -0.091133 0.803467 -0.140309 0.569824 0.100273
1403638630.627830 0.167033 0.128972 -0.103278 0.802661 -0.140703 0.570723 0.101060
1403638630.727829 0.172031 0.127376 -0.121332 0.828848 -0.133742 0.535448 0.091760
1403638630.827830 0.163439 0.123563 -0.125927 0.826315 -0.135687 0.538107 0.096085
1403638630.927830 0.156690 0.124669 -0.131215 0.827146 -0.133912 0.537446 0.095129
1403638631.027829 0.149347 0.125716 -0.136155 0.827372 -0.134196 0.537111 0.094647
1403638631.127830 0.141863 0.126230 -0.140736 0.827416 -0.134539 0.537037 0.094195
1403638631.227829 0.133749 0.126772 -0.145160 0.827430 -0.134410 0.537019 0.094364
1403638631.327830 0.126181 0.127116 -0.149120 0.827327 -0.134471 0.537164 0.094354
1403638631.427830 0.118147 0.127501 -0.153003 0.827347 -0.134307 0.537138 0.094557
1403638631.527829 0.110188 0.127744 -0.156500 0.827445 -0.134408 0.536960 0.094572
1403638631.627830 0.102141 0.127803 -0.159791 0.827524 -0.134248 0.536839 0.094789
