1403638522.827830 0.055515 0.043272 0.183215 0.816127 0.030459 0.575532 -0.042101
1403638522.927830 0.038081 0.006806 0.321333 0.817004 0.020843 0.571549 -0.073499
1403638523.027829 0.037409 -0.000007 0.362477 0.812016 0.024232 0.576403 -0.088334
1403638523.127830 0.037576 -0.003115 0.386314 0.810540 0.019573 0.579961 -0.079289
1403638523.227829 0.034325 -0.010302 0.389142 0.808852 0.018577 0.583085 -0.073657
1403638523.327830 0.032433 -0.015705 0.366514 0.806194 0.014507 0.588596 -0.058266
1403638523.427830 0.030706 -0.021678 0.325622 0.806924 0.014794 0.587968 -0.054304
1403638523.527829 0.024147 -0.024891 0.279698 0.810901 0.014161 0.583577 -0.040949
1403638523.627830 0.017192 -0.030548 0.229037 0.819599 0.014851 0.572020 -0.028805
1403638523.727829 0.010985 -0.035939 0.179158 0.825454 0.016314 0.563804 -0.022010
1403638523.827830 0.005434 -0.039047 0.133936 0.826305 0.017908 0.562652 -0.017974
1403638523.927830 0.003333 -0.040097 0.103617 0.821197 0.028178 0.569650 -0.018454
1403638524.027829 -0.003476 -0.045561 0.076381 0.824251 0.025300 0.565640 0.004632
1403638524.127830 -0.007378 -0.050441 0.079077 0.826812 0.015439 0.561409 0.031045
1403638524.227829 -0.005735 -0.046354 0.108449 0.830382 0.037992 0.555896 0.000916
1403638524.327830 -0.003449 -0.044759 0.159661 0.827805 0.049373 0.558454 -0.020757
1403638524.427830 0.000023 -0.044277 0.218185 0.822099 0.046162 0.566797 -0.027637
1403638524.527829 0.004228 -0.041735 0.278969 0.815879 0.036087 0.576702 -0.021330
1403638524.627830 0.011766 -0.038595 0.336672 0.808864 0.036617 0.586215 -0.027386
1403638524.727829 0.019179 -0.032380 0.385057 0.803906 0.026828 0.594042 -0.011396
1403638524.827830 0.023460 -0.026552 0.419063 0.799969 0.020991 0.599671 0.002060
1403638524.927830 0.023382 -0.023072 0.437742 0.796102 0.027160 0.604436 -0.011843
1403638525.027829 0.025585 -0.016316 0.439622 0.793020 0.021177 0.608826 -0.001271
1403638525.127830 0.028593 -0.013413 0.419433 0.790571 0.019889 0.611939 0.011488
1403638525.227829 0.031918 -0.018676 0.375253 0.794271 0.036219 0.606467 -0.004434
1403638525.327830 0.032605 -0.020660 0.324935 0.800966 0.037730 0.597520 0.000031
1403638525.427830 0.033664 -0.022909 0.268447 0.816327 0.045796 0.575657 -0.011517
1403638525.527829 0.030288 -0.021475 0.217808 0.828056 0.046346 0.558335 -0.020929
1403638525.627830 0.027429 -0.023793 0.174523 0.833326 0.048682 0.549747 -0.031250
1403638525.727829 0.027512 -0.028613 0.141685 0.832622 0.044219 0.551268 -0.029819
1403638525.827830 0.026703 -0.029115 0.116100 0.829484 0.043136 0.555941 -0.032023
1403638525.927830 0.026334 -0.031624 0.100179 0.825085 0.041309 0.562951 -0.024792
1403638526.027829 0.022448 -0.041726 0.093874 0.824773 0.054563 0.561648 -0.036382
1403638526.127830 0.019299 -0.060603 0.095900 0.826393 0.076289 0.553678 -0.068524
1403638526.227829 0.014532 -0.105887 0.107111 0.828159 0.021774 0.559942 -0.011985
1403638526.327830 -0.006527 -0.147837 0.120891 0.832157 -0.004075 0.554349 0.013980
1403638526.427830 -0.014644 -0.188963 0.136168 0.821056 -0.015443 0.570424 0.015654
1403638526.527829 -0.023309 -0.235803 0.145567 0.816588 -0.018305 0.576911 0.004767
1403638526.627830 -0.035347 -0.289878 0.152755 0.812084 -0.025387 0.582975 0.003943
1403638526.727829 -0.051555 -0.351039 0.158869 0.807802 -0.032617 0.588474 0.009449
1403638526.827830 -0.077069 -0.413840 0.166494 0.805611 -0.041310 0.590322 0.028353
1403638526.927830 -0.087675 -0.479045 0.166264 0.807051 -0.038636 0.588814 0.021763
1403638527.027829 -0.112472 -0.537979 0.171889 0.810391 -0.051702 0.582714 0.032214
1403638527.127830 -0.120186 -0.594759 0.174602 0.815754 -0.062446 0.574032 0.033657
1403638527.227829 -0.132649 -0.641129 0.181760 0.815534 -0.077338 0.571926 0.042699
1403638527.327830 -0.140114 -0.674582 0.189551 0.810762 -0.089012 0.575721 0.057329
1403638527.427830 -0.130377 -0.690321 0.191761 0.806345 -0.091618 0.580636 0.065387
1403638527.527829 -0.121364 -0.681527 0.193389 0.805037 -0.093409 0.581558 0.070577
1403638527.627830 -0.093791 -0.646469 0.187828 0.809027 -0.086280 0.578138 0.061545
1403638527.727829 -0.065966 -0.604597 0.183506 0.811573 -0.072724 0.577713 0.048039
1403638527.827830 -0.055469 -0.550093 0.186558 0.813477 -0.071156 0.575495 0.044684
1403638527.927830 -0.036486 -0.493309 0.190529 0.815682 -0.065710 0.574004 0.029413
1403638528.027829 -0.015635 -0.434687 0.192811 0.815212 -0.058134 0.575847 0.021223
1403638528.127830 0.001461 -0.375448 0.192921 0.814320 -0.050208 0.578105 0.012495
1403638528.227829 0.019723 -0.321553 0.188478 0.815498 -0.041617 0.577253 0.003162
1403638528.327830 0.046826 -0.278363 0.183464 0.815864 -0.031979 0.577321 -0.006618
1403638528.427830 0.078472 -0.247206 0.177944 0.814481 -0.026525 0.579519 -0.008628
1403638528.527829 0.113166 -0.223125 0.173139 0.815993 -0.026861 0.577398 -0.006719
1403638528.627830 0.149398 -0.202375 0.170812 0.819191 -0.033656 0.572468 -0.008637
1403638528.727829 0.182438 -0.192577 0.172144 0.819241 -0.039628 0.572044 -0.006280
1403638528.827830 0.206828 -0.178262 0.176281 0.818997 -0.046396 0.571906 -0.003857
1403638528.927830 0.213583 -0.175638 0.186253 0.817239 -0.055635 0.573559 -0.007409
1403638529.027829 0.203883 -0.166850 0.202208 0.817877 -0.059895 0.572121 -0.012927
1403638529.127830 0.179983 -0.156750 0.216661 0.818230 -0.057900 0.571968 0.000096
1403638529.227829 0.148173 -0.139176 0.221042 0.819547 -0.050853 0.570528 0.015962
1403638529.327830 0.113272 -0.117913 0.215366 0.823185 -0.045893 0.565415 0.023815
1403638529.427830 0.078999 -0.095482 0.197853 0.830782 -0.042459 0.554360 0.026126
1403638529.527829 0.051898 -0.081423 0.176185 0.841893 -0.041345 0.537542 0.023589
1403638529.627830 0.030338 -0.068590 0.150237 0.849456 -0.037032 0.525841 0.023357
1403638529.727829 0.018249 -0.063875 0.122571 0.848578 -0.036862 0.527143 0.026012
1403638529.827830 0.011393 -0.054816 0.100072 0.842243 -0.038395 0.537110 0.025793
1403638529.927830 0.005630 -0.047244 0.081610 0.837865 -0.037997 0.544013 0.024250
1403638530.027829 0.009872 -0.043697 0.068433 0.837735 -0.037979 0.544216 0.024225
1403638530.127830 0.017411 -0.041934 0.057742 0.839987 -0.040548 0.540525 0.024704
1403638530.227829 0.032203 -0.042535 0.047655 0.841556 -0.047142 0.537405 0.027510
1403638530.327830 0.046854 -0.045270 0.037418 0.840492 -0.053121 0.538443 0.028822
1403638530.427830 0.060318 -0.049289 0.028637 0.839675 -0.056415 0.539244 0.031281
1403638530.527829 0.072147 -0.053947 0.021819 0.838151 -0.062728 0.540839 0.032587
1403638530.627830 0.079686 -0.058652 0.016301 0.839386 -0.065323 0.538504 0.034330
1403638530.727829 0.084540 -0.061804 0.010370 0.843085 -0.067753 0.532350 0.034952
1403638530.827830 0.088043 -0.064158 0.004513 0.845139 -0.068444 0.528986 0.035056
1403638530.927830 0.091843 -0.065525 0.000434 0.844231 -0.067878 0.530650 0.032824
1403638531.027829 0.095425 -0.066184 -0.002800 0.841555 -0.067595 0.535008 0.031343
1403638531.127830 0.097218 -0.065777 -0.003405 0.837927 -0.066207 0.540700 0.033739
1403638531.227829 0.099692 -0.065346 -0.004445 0.837619 -0.063425 0.541374 0.035842
1403638531.327830 0.101705 -0.064944 -0.006073 0.834088 -0.063342 0.546788 0.036157
1403638531.427830 0.102498 -0.066243 -0.007082 0.834842 -0.062889 0.545632 0.037015
1403638531.527829 0.102741 -0.067444 -0.007847 0.834018 -0.063415 0.546857 0.036599
1403638531.627830 0.103142 -0.068198 -0.008410 0.834532 -0.061665 0.546317 0.035937
1403638531.727829 0.103193 -0.068988 -0.008611 0.834677 -0.062286 0.546015 0.036095
1403638531.827830 0.103030 -0.069688 -0.008616 0.834601 -0.062554 0.546088 0.036269
1403638531.927830 0.102723 -0.070489 -0.008522 0.834294 -0.063615 0.546345 0.037591
1403638532.027829 0.102319 -0.070654 -0.008492 0.834330 -0.063824 0.546263 0.037640
1403638532.127830 0.101859 -0.070644 -0.008196 0.834196 -0.064157 0.546397 0.038089
1403638532.227829 0.101277 -0.070429 -0.008003 0.834180 -0.064082 0.546408 0.038410
1403638532.327830 0.100741 -0.069825 -0.007592 0.834439 -0.063689 0.546091 0.037949
1403638532.427830 0.101385 -0.069492 -0.007425 0.834409 -0.062525 0.546383 0.036300
1403638532.527829 0.102121 -0.069513 -0.007492 0.834923 -0.062370 0.545640 0.035916
1403638532.627830 0.101138 -0.068545 -0.006996 0.835099 -0.062586 0.545329 0.036163
1403638532.727829 0.099607 -0.067267 -0.006361 0.835069 -0.062848 0.545321 0.036533
1403638532.827830 0.097159 -0.065428 -0.005546 0.835054 -0.062979 0.545316 0.036720
1403638532.927830 0.097948 -0.065418 -0.005291 0.834636 -0.063124 0.545909 0.037164
1403638533.027829 0.094665 -0.063854 -0.004302 0.833815 -0.063869 0.546982 0.038526
1403638533.127830 0.089069 -0.061165 -0.004004 0.835851 -0.063324 0.544022 0.037193
1403638533.227829 0.084571 -0.060287 -0.003010 0.834357 -0.064681 0.545983 0.039592
1403638533.327830 0.084994 -0.059777 -0.002656 0.833070 -0.063012 0.548296 0.037360
1403638533.427830 0.084636 -0.060045 -0.003134 0.834593 -0.063951 0.545799 0.038313
1403638533.527829 0.084613 -0.059983 -0.003171 0.834699 -0.063733 0.545689 0.037946
1403638533.627830 0.084598 -0.060258 -0.003054 0.834322 -0.064488 0.546081 0.039295
1403638533.727829 0.084520 -0.060268 -0.003080 0.834478 -0.064590 0.545820 0.039426
1403638533.827830 0.084604 -0.060361 -0.003036 0.834138 -0.064839 0.546287 0.039757
1403638533.927830 0.084741 -0.060800 -0.002819 0.833217 -0.066015 0.547385 0.041967
1403638534.027829 0.084611 -0.060764 -0.003091 0.833983 -0.066075 0.546229 0.041716
1403638534.127830 0.084622 -0.061011 -0.002998 0.834025 -0.066281 0.546136 0.041770
1403638534.227829 0.084563 -0.060266 -0.003058 0.834243 -0.064858 0.546149 0.039398
1403638534.327830 0.084516 -0.060306 -0.002988 0.834312 -0.065042 0.546009 0.039586
1403638534.427830 0.084374 -0.060303 -0.003325 0.834353 -0.065061 0.545950 0.039514
1403638534.527829 0.084645 -0.060569 -0.002953 0.833986 -0.065893 0.546321 0.040728
1403638534.627830 0.084733 -0.061042 -0.002659 0.833079 -0.066939 0.547401 0.043031
1403638534.727829 0.084666 -0.061223 -0.002902 0.833764 -0.067321 0.546259 0.043675
1403638534.827830 0.084817 -0.061211 -0.002576 0.832706 -0.067367 0.547839 0.043984
1403638534.927830 0.084652 -0.061157 -0.002715 0.833073 -0.067164 0.547346 0.043473
1403638535.027829 0.084546 -0.061254 -0.002858 0.833074 -0.067151 0.547349 0.043439
1403638535.127830 0.084784 -0.061277 -0.002657 0.832923 -0.067382 0.547506 0.044001
1403638535.227829 0.084951 -0.061869 -0.002532 0.832046 -0.069062 0.548400 0.046772
1403638535.327830 0.084931 -0.062238 -0.002322 0.831518 -0.070215 0.548889 0.048661
1403638535.427830 0.084232 -0.062104 -0.001589 0.831171 -0.070593 0.549292 0.049489
1403638535.527829 0.084798 -0.061658 -0.002561 0.832562 -0.068577 0.547754 0.045851
1403638535.627830 0.084905 -0.062484 -0.002784 0.832601 -0.070891 0.547088 0.049446
1403638535.727829 0.084985 -0.062582 -0.002773 0.832573 -0.070973 0.547117 0.049480
1403638535.827830 0.085178 -0.062328 -0.002202 0.830891 -0.070282 0.549810 0.048887
1403638535.927830 0.085237 -0.062509 -0.002396 0.831042 -0.070947 0.549411 0.049840
1403638536.027829 0.085330 -0.062773 -0.002432 0.830981 -0.071061 0.549484 0.049876
1403638536.127830 0.085213 -0.062996 -0.002273 0.830596 -0.072364 0.549700 0.051998
1403638536.227829 0.085061 -0.062920 -0.002644 0.831817 -0.072061 0.547961 0.051248
1403638536.327830 0.084799 -0.063095 -0.002212 0.831203 -0.072882 0.548648 0.052678
1403638536.427830 0.085250 -0.063355 -0.002115 0.830247 -0.073345 0.549943 0.053605
1403638536.527829 0.085725 -0.063759 -0.001977 0.828751 -0.074341 0.551859 0.055652
1403638536.627830 0.085439 -0.064424 -0.002623 0.830354 -0.076309 0.548904 0.058252
1403638536.727829 0.085451 -0.064378 -0.002784 0.830572 -0.075883 0.548695 0.057670
1403638536.827830 0.085533 -0.064275 -0.002721 0.830127 -0.075335 0.549535 0.056789
1403638536.927830 0.085218 -0.064346 -0.002589 0.830575 -0.076226 0.548594 0.058134
1403638537.027829 0.084887 -0.062819 -0.002813 0.832104 -0.071621 0.547646 0.050569
1403638537.127830 0.085232 -0.062304 -0.002354 0.830908 -0.070188 0.549791 0.048942
1403638537.227829 0.085217 -0.062740 -0.002539 0.831266 -0.071499 0.548911 0.050809
1403638537.327830 0.085445 -0.062652 -0.002089 0.829882 -0.071245 0.551043 0.050704
1403638537.427830 0.085335 -0.062766 -0.002385 0.830720 -0.071519 0.549719 0.050983
1403638537.527829 0.085338 -0.063172 -0.002271 0.830264 -0.072764 0.550043 0.053102
1403638537.627830 0.085358 -0.062961 -0.002435 0.830675 -0.072063 0.549593 0.052284
1403638537.727829 0.085467 -0.063107 -0.002182 0.829939 -0.072344 0.550610 0.052874
1403638537.827830 0.085559 -0.063250 -0.002132 0.830031 -0.072644 0.550393 0.053280
1403638537.927830 0.085988 -0.063173 -0.001791 0.828501 -0.072285 0.552750 0.053184
1403638538.027829 0.085364 -0.062924 -0.002238 0.830553 -0.071929 0.549818 0.052040
1403638538.127830 0.085188 -0.062745 -0.002431 0.831229 -0.071181 0.549009 0.050802
1403638538.227829 0.085552 -0.064341 -0.001796 0.828917 -0.075801 0.551110 0.058560
1403638538.327830 0.086038 -0.061312 -0.002887 0.831480 -0.066105 0.549961 0.042604
1403638538.427830 0.086263 -0.064330 -0.001729 0.827345 -0.075399 0.553531 0.058470
1403638538.527829 0.086206 -0.065151 -0.001896 0.827838 -0.078010 0.551981 0.062575
1403638538.627830 0.086012 -0.065274 -0.001816 0.827642 -0.078079 0.552247 0.062730
1403638538.727829 0.086593 -0.066068 -0.001304 0.825175 -0.080098 0.555165 0.066800
1403638538.827830 0.087668 -0.066455 -0.000898 0.823353 -0.081145 0.557432 0.069103
1403638538.927830 0.089785 -0.066477 0.001129 0.820699 -0.079860 0.561571 0.068654
1403638539.027829 0.092261 -0.066342 0.005311 0.815860 -0.080123 0.568397 0.069837
1403638539.127830 0.096174 -0.066157 0.013150 0.809146 -0.080833 0.577853 0.069535
1403638539.227829 0.101951 -0.065462 0.027615 0.804544 -0.079632 0.584452 0.069160
1403638539.327830 0.107645 -0.064391 0.050406 0.803772 -0.078831 0.585773 0.067878
1403638539.427830 0.112805 -0.063182 0.080866 0.805572 -0.077646 0.583517 0.067328
1403638539.527829 0.118070 -0.062071 0.116462 0.807687 -0.076580 0.580787 0.066811
1403638539.627830 0.123434 -0.061071 0.152450 0.808294 -0.075700 0.580141 0.066081
1403638539.727829 0.129715 -0.060390 0.178623 0.809155 -0.074533 0.579207 0.065053
1403638539.827830 0.137574 -0.059779 0.193825 0.811060 -0.073160 0.576772 0.064523
1403638539.927830 0.147384 -0.058750 0.206082 0.815086 -0.072633 0.571307 0.062983
1403638540.027829 0.160659 -0.058625 0.217794 0.820718 -0.073267 0.563305 0.061166
1403638540.127830 0.178691 -0.058680 0.229144 0.826851 -0.073244 0.554365 0.060260
1403638540.227829 0.204767 -0.059721 0.241159 0.827016 -0.071704 0.554320 0.060270
1403638540.327830 0.237266 -0.061193 0.256112 0.820756 -0.070171 0.563658 0.061040
1403638540.427830 0.275647 -0.063127 0.267981 0.816534 -0.065426 0.570468 0.059656
1403638540.527829 0.318259 -0.063548 0.276634 0.816992 -0.055530 0.571570 0.052422
1403638540.627830 0.375712 -0.069838 0.272946 0.818683 -0.041067 0.571167 0.042899
1403638540.727829 0.432933 -0.072460 0.272685 0.818770 -0.017883 0.572854 0.033690
1403638540.827830 0.490262 -0.070440 0.269656 0.819867 0.012688 0.572101 0.018891
1403638540.927830 0.541801 -0.059538 0.275467 0.819528 0.041065 0.571520 0.007204
1403638541.027829 0.606442 -0.056501 0.270404 0.817935 0.062356 0.571897 -0.005245
1403638541.127830 0.663237 -0.041549 0.270616 0.815766 0.077987 0.572881 -0.015831
1403638541.227829 0.718274 -0.018546 0.265189 0.815373 0.090159 0.571307 -0.025437
1403638541.327830 0.774462 0.004150 0.260164 0.815383 0.097948 0.569639 -0.032671
1403638541.427830 0.831305 0.035593 0.264557 0.815018 0.099480 0.569742 -0.035280
1403638541.527829 0.888986 0.069772 0.273026 0.814487 0.099181 0.570705 -0.032698
1403638541.627830 0.958896 0.114749 0.291330 0.812900 0.100348 0.572813 -0.031768
1403638541.727829 1.030494 0.166013 0.317758 0.810914 0.103112 0.574875 -0.036113
1403638541.827830 1.091070 0.224617 0.349767 0.809753 0.110266 0.574213 -0.049202
1403638541.927830 1.178609 0.287412 0.387901 0.809163 0.117560 0.573136 -0.054306
1403638542.027829 1.239762 0.354539 0.415056 0.807784 0.133883 0.570011 -0.068179
1403638542.127830 1.285460 0.416852 0.435636 0.806179 0.156061 0.564266 -0.085582
1403638542.227829 1.321514 0.481507 0.446625 0.802511 0.180701 0.558502 -0.106762
1403638542.327830 1.379631 0.551895 0.455606 0.797882 0.204353 0.554022 -0.121173
1403638542.427830 1.444558 0.626479 0.467407 0.787049 0.224476 0.559674 -0.130111
1403638542.527829 1.521208 0.710380 0.477793 0.774123 0.241804 0.571047 -0.127160
1403638542.627830 1.578116 0.784248 0.483123 0.766701 0.255641 0.576012 -0.122584
1403638542.727829 1.615506 0.864522 0.490881 0.766820 0.261631 0.571690 -0.129257
1403638542.827830 1.656514 0.956288 0.507507 0.771369 0.258708 0.564597 -0.138890
1403638542.927830 1.670381 1.039149 0.531472 0.775666 0.256843 0.557269 -0.147735
1403638543.027829 1.690840 1.128738 0.559269 0.779521 0.255402 0.551133 -0.152869
1403638543.127830 1.717430 1.225599 0.586129 0.781804 0.252059 0.548928 -0.154683
1403638543.227829 1.745437 1.327061 0.606985 0.782559 0.250476 0.548742 -0.154098
1403638543.327830 1.765759 1.422533 0.620277 0.782941 0.248894 0.548584 -0.155281
1403638543.427830 1.790421 1.529524 0.634914 0.782685 0.250140 0.548107 -0.156246
1403638543.527829 1.800626 1.616191 0.641301 0.780781 0.258840 0.545046 -0.162197
1403638543.627830 1.805575 1.700080 0.642513 0.776106 0.276017 0.541038 -0.169563
1403638543.727829 1.803651 1.798184 0.659907 0.768011 0.295539 0.538940 -0.179890
1403638543.827830 1.799088 1.863274 0.665331 0.758295 0.321287 0.533534 -0.192627
1403638543.927830 1.808722 1.965079 0.682002 0.748721 0.342675 0.528056 -0.207719
1403638544.027829 1.804966 2.036522 0.703711 0.741868 0.359169 0.519766 -0.224663
1403638544.127830 1.810393 2.134658 0.729040 0.737890 0.369217 0.512619 -0.237524
1403638544.227829 1.820420 2.235608 0.748363 0.734905 0.374018 0.508698 -0.247491
1403638544.327830 1.827398 2.310145 0.759024 0.733017 0.378043 0.505750 -0.252954
1403638544.427830 1.841435 2.388776 0.766964 0.733429 0.380093 0.502425 -0.255304
1403638544.527829 1.858993 2.487654 0.771992 0.732571 0.380597 0.503486 -0.254927
1403638544.627830 1.879534 2.605655 0.783268 0.727215 0.379655 0.509852 -0.258980
1403638544.727829 1.895484 2.702000 0.796750 0.722453 0.380604 0.513477 -0.263713
1403638544.827830 1.913912 2.817154 0.813961 0.724061 0.382581 0.510249 -0.262705
1403638544.927830 1.922530 2.857366 0.820043 0.726728 0.385481 0.503951 -0.263258
1403638545.027829 1.940973 2.959634 0.824635 0.726174 0.385662 0.503943 -0.264534
1403638545.127830 1.957462 3.070408 0.827040 0.724921 0.386238 0.504536 -0.265994
1403638545.227829 1.983949 3.191704 0.823904 0.725782 0.386408 0.504891 -0.262705
1403638545.327830 1.994107 3.287669 0.815068 0.723257 0.388107 0.506048 -0.264928
1403638545.427830 2.002502 3.367198 0.799944 0.721845 0.388012 0.506531 -0.267978
1403638545.527829 2.015749 3.452979 0.783115 0.720522 0.391133 0.504610 -0.270613
1403638545.627830 2.025300 3.547197 0.773148 0.716742 0.400533 0.498405 -0.278291
1403638545.727829 2.039324 3.648675 0.769027 0.710373 0.414436 0.491606 -0.286245
1403638545.827830 2.053523 3.747194 0.776289 0.699612 0.432851 0.485041 -0.296511
1403638545.927830 2.066091 3.849002 0.786528 0.687750 0.453890 0.476381 -0.306668
1403638546.027829 2.069363 3.895770 0.806195 0.674538 0.475464 0.467539 -0.316764
1403638546.127830 2.078411 3.963768 0.823826 0.662789 0.492894 0.460613 -0.324965
1403638546.227829 2.088597 4.054157 0.833971 0.656004 0.502420 0.454621 -0.332496
1403638546.327830 2.130990 4.193466 0.836579 0.654647 0.504521 0.452694 -0.334609
1403638546.427830 2.143491 4.297314 0.833808 0.654261 0.505632 0.448461 -0.339354
1403638546.527829 2.155987 4.398216 0.827843 0.653048 0.507468 0.447189 -0.340626
1403638546.627830 2.155532 4.473743 0.826977 0.647417 0.514346 0.443636 -0.345667
1403638546.727829 2.163166 4.580040 0.832149 0.642164 0.520719 0.440397 -0.350041
1403638546.827830 2.169150 4.688280 0.849012 0.637411 0.526783 0.439047 -0.351347
1403638546.927830 2.176941 4.800891 0.870111 0.634375 0.530878 0.438496 -0.351365
1403638547.027829 2.181084 4.907442 0.885504 0.631225 0.534574 0.439766 -0.349845
1403638547.127830 2.185874 5.023839 0.895020 0.628742 0.538194 0.442022 -0.345900
1403638547.227829 2.182132 5.133138 0.896588 0.627009 0.540836 0.442150 -0.344759
1403638547.327830 2.178739 5.249507 0.895362 0.626405 0.541388 0.443630 -0.343086
1403638547.427830 2.170534 5.370277 0.892133 0.629864 0.537531 0.439503 -0.348093
1403638547.527829 2.156451 5.486549 0.884345 0.633038 0.533716 0.435563 -0.353123
1403638547.627830 2.148042 5.613285 0.872542 0.635829 0.530493 0.434382 -0.354416
1403638547.727829 2.135539 5.739568 0.856548 0.636208 0.530117 0.435449 -0.352987
1403638547.827830 2.118901 5.863108 0.833017 0.634088 0.532399 0.439163 -0.348740
1403638547.927830 2.093881 5.975752 0.805338 0.633425 0.532779 0.439372 -0.349101
1403638548.027829 2.063711 6.092258 0.779815 0.632585 0.534525 0.436974 -0.350959
1403638548.127830 2.040667 6.249292 0.768229 0.630075 0.538103 0.433929 -0.353773
1403638548.227829 2.004904 6.499145 0.766570 0.624746 0.544724 0.428526 -0.359629
1403638548.327830 1.973649 6.619108 0.769938 0.616637 0.554473 0.421344 -0.367134
1403638548.427830 1.937944 6.754862 0.781779 0.606673 0.567033 0.412624 -0.374385
1403638548.527829 1.904821 6.851738 0.797356 0.597757 0.575812 0.405994 -0.382487
1403638548.627830 1.875378 6.991567 0.808226 0.590823 0.582263 0.402692 -0.386958
1403638548.727829 1.842704 7.139671 0.813964 0.586492 0.586703 0.399415 -0.390223
1403638548.827830 1.813605 7.285872 0.822304 0.584068 0.589236 0.397743 -0.391746
1403638548.927830 1.780396 7.424174 0.839345 0.582344 0.590573 0.396365 -0.393693
1403638549.027829 1.746837 7.544606 0.864918 0.581117 0.592865 0.394832 -0.393602
1403638549.127830 1.710875 7.689899 0.891993 0.581589 0.591448 0.394035 -0.395828
1403638549.227829 1.678295 7.828748 0.927251 0.581868 0.590666 0.394725 -0.395898
1403638549.327830 1.647079 7.969664 0.968921 0.583404 0.588461 0.394641 -0.397004
1403638549.427830 1.613040 8.100628 1.011812 0.584373 0.586284 0.393532 -0.399890
1403638549.527829 1.578208 8.238599 1.049084 0.585365 0.585141 0.392545 -0.401081
1403638549.627830 1.547342 8.387964 1.080668 0.585047 0.582750 0.395227 -0.402391
1403638549.727829 1.519921 8.531915 1.112533 0.584834 0.582342 0.397852 -0.400701
1403638549.827830 1.499230 8.646577 1.150731 0.586398 0.581885 0.395943 -0.400969
1403638549.927830 1.471579 8.792746 1.190953 0.587294 0.582623 0.395623 -0.398897
1403638550.027829 1.442943 8.924625 1.238747 0.587460 0.582773 0.393338 -0.400690
1403638550.127830 1.419684 9.070756 1.294223 0.588498 0.582171 0.391768 -0.401578
1403638550.227829 1.397032 9.204574 1.358096 0.587806 0.583352 0.390588 -0.402026
1403638550.327830 1.376534 9.353936 1.429946 0.587068 0.584011 0.391590 -0.401173
1403638550.427830 1.363212 9.509589 1.499023 0.587317 0.582394 0.392531 -0.402237
1403638550.527829 1.343746 9.660666 1.559598 0.588514 0.581035 0.390020 -0.404888
1403638550.627830 1.329289 9.814386 1.614704 0.588025 0.577794 0.391122 -0.409150
1403638550.727829 1.325605 9.968961 1.666004 0.587429 0.574168 0.393702 -0.412623
1403638550.827830 1.323097 10.125360 1.712492 0.585689 0.570920 0.398143 -0.415333
1403638550.927830 1.326667 10.267849 1.752060 0.581370 0.565864 0.405209 -0.421441
1403638551.027829 1.337233 10.387027 1.777730 0.578651 0.561600 0.410153 -0.426079
1403638551.127830 1.338494 10.525934 1.813890 0.577623 0.559377 0.411023 -0.429545
1403638551.227829 1.343058 10.652765 1.847909 0.577662 0.557743 0.408618 -0.433889
1403638551.327830 1.356560 10.765803 1.890188 0.582102 0.556820 0.406465 -0.431156
1403638551.427830 1.375470 10.874595 1.929636 0.592646 0.550260 0.406283 -0.425345
1403638551.527829 1.400902 10.985449 1.968776 0.607310 0.537661 0.408769 -0.418334
1403638551.627830 1.433215 11.092075 2.000571 0.623805 0.519844 0.412949 -0.412435
1403638551.727829 1.475274 11.193857 2.029146 0.639109 0.501491 0.419842 -0.404697
1403638551.827830 1.526212 11.294805 2.051663 0.652618 0.483652 0.428914 -0.395224
1403638551.927830 1.585865 11.386477 2.072817 0.659476 0.472653 0.441425 -0.383190
1403638552.027829 1.651087 11.470386 2.101062 0.661223 0.466385 0.454291 -0.372678
1403638552.127830 1.718809 11.542006 2.131697 0.664115 0.462730 0.459761 -0.365310
1403638552.227829 1.791300 11.607698 2.169101 0.669092 0.460636 0.458356 -0.360611
1403638552.327830 1.867319 11.665746 2.208913 0.671852 0.459183 0.457526 -0.358379
1403638552.427830 1.948244 11.721100 2.245278 0.670557 0.453697 0.460663 -0.363734
1403638552.527829 2.032390 11.769766 2.276865 0.667059 0.448929 0.464957 -0.370554
1403638552.627830 2.117572 11.801639 2.301475 0.663195 0.448034 0.467917 -0.374821
1403638552.727829 2.208085 11.831533 2.320123 0.662333 0.450067 0.467240 -0.374754
1403638552.827830 2.302171 11.852036 2.334038 0.661088 0.453124 0.467069 -0.373480
1403638552.927830 2.400253 11.870319 2.342245 0.659559 0.458868 0.466752 -0.369547
1403638553.027829 2.500840 11.879451 2.347090 0.657154 0.464869 0.467999 -0.364722
1403638553.127830 2.601856 11.886585 2.347665 0.654133 0.467323 0.469372 -0.365252
1403638553.227829 2.702688 11.885664 2.346317 0.648996 0.463689 0.473590 -0.373510
1403638553.327830 2.805402 11.877762 2.348580 0.643164 0.462092 0.479295 -0.378269
1403638553.427830 2.906028 11.860127 2.355275 0.637833 0.464985 0.485155 -0.376276
1403638553.527829 3.006703 11.830925 2.368810 0.633380 0.468230 0.490419 -0.372934
1403638553.627830 3.102578 11.786956 2.385753 0.630359 0.470880 0.493976 -0.370010
1403638553.727829 3.195896 11.733131 2.410328 0.629959 0.472906 0.493705 -0.368467
1403638553.827830 3.286652 11.670538 2.441842 0.631305 0.474870 0.491763 -0.366226
1403638553.927830 3.368731 11.596192 2.476973 0.633135 0.476173 0.489750 -0.364067
1403638554.027829 3.454920 11.523065 2.513814 0.637765 0.476011 0.483592 -0.364429
1403638554.127830 3.529308 11.434963 2.540362 0.639569 0.477723 0.481321 -0.362025
1403638554.227829 3.610853 11.354658 2.567268 0.644663 0.483911 0.474570 -0.353586
1403638554.327830 3.682094 11.262543 2.582530 0.649149 0.489295 0.468154 -0.346450
1403638554.427830 3.758517 11.182496 2.601328 0.651594 0.492351 0.464320 -0.342671
1403638554.527829 3.828946 11.099706 2.614978 0.652412 0.493650 0.463039 -0.340974
1403638554.627830 3.895926 11.017098 2.624843 0.654218 0.492249 0.459914 -0.343757
1403638554.727829 3.960599 10.929077 2.636873 0.655123 0.488542 0.458310 -0.349419
1403638554.827830 4.024940 10.848549 2.655597 0.655968 0.485939 0.456409 -0.353921
1403638554.927830 4.089845 10.765882 2.676483 0.656194 0.483526 0.455958 -0.357371
1403638555.027829 4.157094 10.679651 2.694598 0.658083 0.479062 0.457796 -0.357560
1403638555.127830 4.227591 10.600584 2.708968 0.662812 0.474158 0.460946 -0.351260
1403638555.227829 4.298702 10.512999 2.714512 0.669691 0.465956 0.463832 -0.345339
1403638555.327830 4.370593 10.432219 2.719636 0.675094 0.459055 0.467308 -0.339322
1403638555.427830 4.446247 10.348045 2.720419 0.677304 0.456246 0.472321 -0.331681
1403638555.527829 4.520790 10.263251 2.715954 0.679435 0.452652 0.474763 -0.328746
1403638555.627830 4.596021 10.178088 2.713473 0.680513 0.451200 0.476218 -0.326401
1403638555.727829 4.669850 10.091891 2.718736 0.682026 0.449896 0.475095 -0.326679
1403638555.827830 4.742977 10.004901 2.734057 0.682379 0.451063 0.474535 -0.325142
1403638555.927830 4.815652 9.915184 2.753098 0.682078 0.452543 0.474549 -0.323694
1403638556.027829 4.889076 9.838376 2.778894 0.680751 0.454246 0.475224 -0.323111
1403638556.127830 4.961950 9.756928 2.805634 0.682905 0.455130 0.472389 -0.321476
1403638556.227829 5.037095 9.680706 2.825336 0.687560 0.456394 0.465912 -0.319204
1403638556.327830 5.112779 9.601246 2.840123 0.690146 0.457057 0.462092 -0.318228
1403638556.427830 5.187178 9.538117 2.852700 0.692209 0.457768 0.459111 -0.317036
1403638556.527829 5.267102 9.469862 2.864241 0.695704 0.459214 0.454247 -0.314291
1403638556.627830 5.344572 9.419093 2.876153 0.699003 0.455362 0.450270 -0.318273
1403638556.727829 5.424843 9.375005 2.891495 0.698736 0.449250 0.451523 -0.325682
1403638556.827830 5.512118 9.320702 2.915568 0.695895 0.444946 0.455526 -0.332038
1403638556.927830 5.601161 9.283044 2.945060 0.694708 0.441490 0.457348 -0.336602
1403638557.027829 5.697448 9.241911 2.972738 0.693463 0.440919 0.458889 -0.337817
1403638557.127830 5.799378 9.199013 2.993469 0.691727 0.443126 0.461198 -0.335334
1403638557.227829 5.907000 9.146391 3.008639 0.690331 0.444192 0.462970 -0.334358
1403638557.327830 6.014500 9.105408 3.016563 0.689498 0.445449 0.463874 -0.333150
1403638557.427830 6.126536 9.060676 3.024361 0.687465 0.448406 0.466437 -0.329788
1403638557.527829 6.239756 9.017646 3.036464 0.684666 0.452773 0.470316 -0.324085
1403638557.627830 6.353038 8.972969 3.054643 0.682420 0.455290 0.473371 -0.320832
1403638557.727829 6.464903 8.930146 3.078007 0.681855 0.455848 0.474586 -0.319444
1403638557.827830 6.572122 8.890606 3.098667 0.681551 0.456722 0.475430 -0.317585
1403638557.927830 6.682097 8.848399 3.113763 0.681828 0.458417 0.475275 -0.314766
1403638558.027829 6.796350 8.803107 3.122918 0.684601 0.459315 0.471644 -0.312896
1403638558.127830 6.896810 8.768779 3.123851 0.689454 0.460787 0.464020 -0.311471
1403638558.227829 7.011288 8.727319 3.130090 0.695848 0.461794 0.455650 -0.308098
1403638558.327830 7.122005 8.697300 3.142550 0.697499 0.464228 0.453374 -0.304041
1403638558.427830 7.230148 8.675550 3.165600 0.699865 0.467863 0.450016 -0.297956
1403638558.527829 7.342195 8.659457 3.195996 0.703081 0.469366 0.445715 -0.294468
1403638558.627830 7.454882 8.654047 3.233126 0.704418 0.465391 0.444574 -0.299266
1403638558.727829 7.573490 8.655365 3.274257 0.705189 0.457305 0.444799 -0.309409
1403638558.827830 7.691086 8.664973 3.311161 0.704823 0.452920 0.446190 -0.314647
1403638558.927830 7.809807 8.684409 3.336576 0.701371 0.452868 0.450588 -0.316164
1403638559.027829 7.935572 8.701521 3.357971 0.696402 0.452403 0.458491 -0.316452
1403638559.127830 8.060698 8.724826 3.370860 0.692607 0.452135 0.463737 -0.317519
1403638559.227829 8.185178 8.750618 3.377074 0.689313 0.453670 0.467807 -0.316525
1403638559.327830 8.309691 8.777421 3.376637 0.686931 0.455685 0.470567 -0.314712
1403638559.427830 8.430988 8.805406 3.369969 0.684260 0.459327 0.473698 -0.310512
1403638559.527829 8.547986 8.834498 3.358785 0.682340 0.460787 0.475932 -0.309153
1403638559.627830 8.661763 8.864716 3.343199 0.680618 0.461356 0.477667 -0.309425
1403638559.727829 8.773216 8.895638 3.327815 0.679714 0.461875 0.478253 -0.309733
1403638559.827830 8.882545 8.927697 3.317818 0.680366 0.461772 0.476758 -0.310758
1403638559.927830 8.990783 8.961931 3.313387 0.681529 0.459174 0.477550 -0.310843
1403638560.027829 9.095364 8.996707 3.303403 0.687418 0.449813 0.479919 -0.307900
1403638560.127830 9.201375 9.030271 3.287326 0.696631 0.434023 0.485854 -0.300456
1403638560.227829 9.305046 9.065479 3.264092 0.707305 0.414681 0.494095 -0.289188
1403638560.327830 9.409730 9.100098 3.239279 0.716475 0.392065 0.505799 -0.277698
1403638560.427830 9.509787 9.131858 3.212726 0.724761 0.367467 0.518591 -0.265995
1403638560.527829 9.605678 9.162633 3.181202 0.733049 0.342135 0.530282 -0.253739
1403638560.627830 9.698696 9.186491 3.146390 0.743668 0.313878 0.537842 -0.243237
1403638560.727829 9.786300 9.206392 3.110009 0.754096 0.286396 0.541838 -0.236070
1403638560.827830 9.871884 9.218656 3.079890 0.761624 0.263351 0.547385 -0.225712
1403638560.927830 9.956671 9.224774 3.056983 0.767472 0.240754 0.553694 -0.215518
1403638561.027829 10.037813 9.221330 3.042512 0.770042 0.220845 0.563239 -0.202546
1403638561.127830 10.122995 9.212010 3.034730 0.772577 0.201697 0.570912 -0.191058
1403638561.227829 10.200159 9.193475 3.033058 0.773739 0.186155 0.577528 -0.182030
1403638561.327830 10.274496 9.166932 3.037813 0.775343 0.176102 0.580496 -0.175660
1403638561.427830 10.339693 9.131223 3.040512 0.781420 0.176264 0.575862 -0.163391
1403638561.527829 10.404452 9.093949 3.039642 0.785908 0.181819 0.571271 -0.151459
1403638561.627830 10.464202 9.050833 3.031822 0.788646 0.185690 0.567966 -0.144815
1403638561.727829 10.519943 9.005084 3.019758 0.789464 0.188147 0.566390 -0.143353
1403638561.827830 10.573090 8.958775 3.001405 0.788932 0.190114 0.566831 -0.141935
1403638561.927830 10.624215 8.910933 2.978947 0.788898 0.189132 0.568182 -0.137980
1403638562.027829 10.673739 8.860374 2.952377 0.790339 0.181487 0.570033 -0.132247
1403638562.127830 10.721554 8.808126 2.933451 0.792398 0.171690 0.571871 -0.124866
1403638562.227829 10.765508 8.758153 2.918995 0.793813 0.163583 0.573736 -0.118023
1403638562.327830 10.806312 8.708634 2.911287 0.795061 0.153656 0.575976 -0.111890
1403638562.427830 10.838667 8.663095 2.907600 0.796600 0.140320 0.578436 -0.105594
1403638562.527829 10.878400 8.607863 2.910019 0.799691 0.122058 0.579969 -0.096082
1403638562.627830 10.913745 8.556591 2.918452 0.801886 0.099553 0.582605 -0.087403
1403638562.727829 10.944786 8.503260 2.930724 0.804536 0.074537 0.583978 -0.078331
1403638562.827830 10.970366 8.449229 2.942021 0.806413 0.049078 0.585480 -0.067104
1403638562.927830 10.990743 8.389075 2.947654 0.807937 0.025052 0.586319 -0.053291
1403638563.027829 11.007026 8.326397 2.947921 0.808261 0.002234 0.587376 -0.041204
1403638563.127830 11.019327 8.256879 2.943649 0.808667 -0.022157 0.586880 -0.033754
1403638563.227829 11.029486 8.178749 2.935239 0.806926 -0.038278 0.589070 -0.020061
1403638563.327830 11.031066 8.103352 2.922165 0.802461 -0.048786 0.594610 -0.010702
1403638563.427830 11.027257 8.024197 2.903990 0.793983 -0.056736 0.605244 -0.007213
1403638563.527829 11.015541 7.938198 2.880269 0.791810 -0.059396 0.607861 -0.003618
1403638563.627830 10.997043 7.846804 2.859703 0.794511 -0.058551 0.604421 0.000027
1403638563.727829 10.971048 7.748801 2.846001 0.797408 -0.059120 0.600533 -0.002374
1403638563.827830 10.939941 7.647162 2.839338 0.798845 -0.059046 0.598600 -0.006193
1403638563.927830 10.902208 7.538606 2.842623 0.798268 -0.057852 0.599441 -0.009534
1403638564.027829 10.860180 7.424403 2.846725 0.797907 -0.055565 0.600065 -0.013405
1403638564.127830 10.809294 7.306068 2.846666 0.797749 -0.052202 0.600496 -0.016649
1403638564.227829 10.753250 7.179343 2.842064 0.797002 -0.046676 0.601926 -0.017141
1403638564.327830 10.693307 7.038419 2.839062 0.795887 -0.040254 0.603916 -0.015152
1403638564.427830 10.627960 6.914169 2.844016 0.794042 -0.036102 0.606581 -0.015887
1403638564.527829 10.546843 6.766513 2.855393 0.793933 -0.034216 0.606824 -0.016266
1403638564.627830 10.464825 6.627352 2.866912 0.796158 -0.034874 0.603727 -0.020716
1403638564.727829 10.374177 6.477246 2.878288 0.797527 -0.038126 0.601534 -0.025575
1403638564.827830 10.280379 6.333386 2.879465 0.797842 -0.041128 0.600786 -0.028508
1403638564.927830 10.182970 6.183627 2.872338 0.797072 -0.043606 0.601522 -0.030766
1403638565.027829 10.073235 6.020743 2.841395 0.797043 -0.044782 0.601430 -0.031612
1403638565.127830 9.968273 5.855285 2.798716 0.797738 -0.044980 0.600408 -0.033187
1403638565.227829 9.862879 5.694575 2.742403 0.798686 -0.044539 0.599195 -0.032887
1403638565.327830 9.735565 5.499493 2.685708 0.799487 -0.044183 0.598313 -0.029834
1403638565.427830 9.616769 5.316267 2.623790 0.800362 -0.042925 0.597346 -0.027476
1403638565.527829 9.495624 5.129319 2.565033 0.798315 -0.041344 0.600420 -0.021906
1403638565.627830 9.372187 4.940641 2.513994 0.796741 -0.037954 0.602980 -0.013348
1403638565.727829 9.244214 4.748573 2.470252 0.797835 -0.031676 0.602042 -0.001143
1403638565.827830 9.109273 4.558901 2.433581 0.800776 -0.029257 0.598225 0.005341
1403638565.927830 8.966914 4.369137 2.402859 0.803095 -0.027339 0.595112 0.011503
1403638566.027829 8.825232 4.186904 2.371218 0.804330 -0.028326 0.593382 0.012227
1403638566.127830 8.677590 4.004610 2.331452 0.804466 -0.028814 0.593162 0.012772
1403638566.227829 8.529862 3.827433 2.282815 0.804168 -0.028670 0.593564 0.013168
1403638566.327830 8.382325 3.652259 2.226522 0.805201 -0.028625 0.592178 0.012568
1403638566.427830 8.234926 3.480171 2.162799 0.805085 -0.027392 0.592402 0.012167
1403638566.527829 8.089196 3.313864 2.093852 0.805427 -0.026787 0.592002 0.010151
1403638566.627830 7.944329 3.151700 2.016488 0.812074 -0.025680 0.582929 0.008375
1403638566.727829 7.801919 2.995641 1.932834 0.824394 -0.024685 0.565429 0.007468
1403638566.827830 7.666393 2.841333 1.845438 0.834078 -0.021570 0.551167 0.007990
1403638566.927830 7.531943 2.685193 1.757376 0.840216 -0.018941 0.541865 0.007753
1403638567.027829 7.407953 2.533594 1.667419 0.840012 -0.017627 0.542241 0.006572
1403638567.127830 7.304781 2.400343 1.577682 0.827502 -0.015340 0.561190 0.008414
1403638567.227829 7.199166 2.261754 1.484078 0.816185 -0.013841 0.577537 0.010037
1403638567.327830 7.090532 2.120460 1.385597 0.810505 -0.012577 0.585449 0.013157
1403638567.427830 6.989518 1.996443 1.286962 0.810113 -0.013025 0.585922 0.015577
1403638567.527829 6.884231 1.869201 1.193015 0.812688 -0.014193 0.582269 0.017288
1403638567.627830 6.778470 1.745486 1.108077 0.816585 -0.015327 0.576693 0.019464
1403638567.727829 6.674981 1.626155 1.033039 0.819787 -0.015998 0.572016 0.022152
1403638567.827830 6.577645 1.512573 0.968130 0.823852 -0.016392 0.566054 0.024142
1403638567.927830 6.486982 1.403735 0.910508 0.825451 -0.018997 0.563731 0.021853
1403638568.027829 6.395297 1.298148 0.855597 0.826081 -0.019197 0.562750 0.023128
1403638568.127830 6.320581 1.202521 0.820564 0.825317 -0.017649 0.563801 0.025852
1403638568.227829 6.245558 1.111395 0.791024 0.824661 -0.016657 0.564685 0.028066
1403638568.327830 6.172985 1.022936 0.764411 0.824846 -0.016617 0.564378 0.028830
1403638568.427830 6.102358 0.941419 0.732747 0.826127 -0.017046 0.562479 0.028992
1403638568.527829 6.038942 0.863037 0.699749 0.826936 -0.016555 0.561265 0.029733
1403638568.627830 5.976166 0.788410 0.659431 0.828579 -0.016135 0.558817 0.030327
1403638568.727829 5.919145 0.718387 0.621987 0.829955 -0.014527 0.556722 0.032016
1403638568.827830 5.865952 0.655127 0.590767 0.829941 -0.015550 0.556826 0.030005
1403638568.927830 5.816007 0.595567 0.564267 0.829898 -0.014961 0.556846 0.031129
1403638569.027829 5.772398 0.542832 0.549398 0.829060 -0.014969 0.558096 0.031061
1403638569.127830 5.732915 0.494624 0.538764 0.829167 -0.013814 0.557871 0.032742
1403638569.227829 5.695030 0.449707 0.535503 0.830678 -0.012950 0.555514 0.034791
1403638569.327830 5.664049 0.413308 0.527126 0.831397 -0.012772 0.554365 0.035991
1403638569.427830 5.636587 0.379047 0.515458 0.830441 -0.012218 0.555749 0.036894
1403638569.527829 5.618883 0.354675 0.498908 0.829241 -0.011829 0.557555 0.036765
1403638569.627830 5.594283 0.325442 0.479481 0.827869 -0.012747 0.559569 0.036783
1403638569.727829 5.588739 0.313958 0.470512 0.826976 -0.012181 0.560874 0.037185
1403638569.827830 5.580423 0.305424 0.467307 0.826358 -0.011735 0.561796 0.037155
1403638569.927830 5.576562 0.301738 0.469275 0.824548 -0.011018 0.564397 0.038156
1403638570.027829 5.575954 0.304470 0.472622 0.823404 -0.012314 0.566173 0.036077
1403638570.127830 5.577925 0.312085 0.470864 0.823592 -0.014581 0.566065 0.032457
1403638570.227829 5.580750 0.322473 0.463537 0.823212 -0.018018 0.566828 0.026502
1403638570.327830 5.578547 0.331404 0.449403 0.823039 -0.024774 0.567146 0.018385
1403638570.427830 5.590639 0.346221 0.431869 0.822835 -0.034540 0.567053 0.014123
1403638570.527829 5.600235 0.356240 0.406957 0.821848 -0.056442 0.566851 0.007767
1403638570.627830 5.604231 0.359119 0.377526 0.818444 -0.085553 0.568171 0.003579
1403638570.727829 5.610064 0.352349 0.344483 0.810787 -0.113136 0.574232 0.009021
1403638570.827830 5.610736 0.335742 0.310097 0.798515 -0.140300 0.585105 0.018465
1403638570.927830 5.605716 0.309039 0.272684 0.788899 -0.163088 0.591602 0.032367
1403638571.027829 5.593443 0.270425 0.231639 0.782314 -0.184233 0.593121 0.047436
1403638571.127830 5.572643 0.221442 0.187611 0.783528 -0.200310 0.584256 0.067864
1403638571.227829 5.543223 0.164305 0.150400 0.785980 -0.208992 0.574952 0.089377
1403638571.327830 5.508518 0.102553 0.123073 0.786459 -0.213635 0.569471 0.107446
1403638571.427830 5.467230 0.037630 0.106404 0.784338 -0.219648 0.568580 0.115262
1403638571.527829 5.420058 -0.030732 0.097141 0.781264 -0.223068 0.570219 0.121314
1403638571.627830 5.368499 -0.101574 0.086602 0.780020 -0.229822 0.567839 0.127709
1403638571.727829 5.313326 -0.175614 0.071067 0.780006 -0.241458 0.561384 0.134670
1403638571.827830 5.254724 -0.252607 0.050662 0.778665 -0.256799 0.554351 0.142932
1403638571.927830 5.194260 -0.333175 0.029316 0.773992 -0.275996 0.549756 0.150103
1403638572.027829 5.131094 -0.417852 0.014820 0.767622 -0.295506 0.546062 0.158897
1403638572.127830 5.063682 -0.506651 0.008997 0.760249 -0.313706 0.542828 0.170139
1403638572.227829 4.992664 -0.598743 0.009450 0.754828 -0.328426 0.536252 0.186561
1403638572.327830 4.920394 -0.692548 0.014189 0.750574 -0.346373 0.525978 0.200027
1403638572.427830 4.848980 -0.792577 0.012964 0.746041 -0.362802 0.516097 0.213170
1403638572.527829 4.775979 -0.893965 0.010871 0.742500 -0.373612 0.507912 0.226128
1403638572.627830 4.705286 -0.999881 0.007888 0.739291 -0.380206 0.503815 0.234653
1403638572.727829 4.637776 -1.109096 0.009307 0.739060 -0.382699 0.498947 0.241628
1403638572.827830 4.572141 -1.220648 0.020264 0.741064 -0.382001 0.493500 0.247705
1403638572.927830 4.511797 -1.338101 0.037627 0.743007 -0.381346 0.490450 0.248948
1403638573.027829 4.456333 -1.454393 0.055741 0.745398 -0.380320 0.487311 0.249530
1403638573.127830 4.405089 -1.579337 0.066510 0.747705 -0.378603 0.485874 0.248038
1403638573.227829 4.358131 -1.703129 0.073726 0.748616 -0.376879 0.486581 0.246528
1403638573.327830 4.316656 -1.828626 0.081299 0.749659 -0.374832 0.487302 0.245052
1403638573.427830 4.278513 -1.958002 0.088811 0.750704 -0.375281 0.484789 0.246145
1403638573.527829 4.248410 -2.090784 0.104131 0.750573 -0.375251 0.483557 0.248997
1403638573.627830 4.221556 -2.224785 0.127230 0.750179 -0.375742 0.483086 0.250354
1403638573.727829 4.200889 -2.358895 0.155646 0.749513 -0.377711 0.480264 0.254777
1403638573.827830 4.188130 -2.495656 0.187396 0.742403 -0.381915 0.482090 0.265645
1403638573.927830 4.178831 -2.633862 0.213552 0.729980 -0.390684 0.486012 0.279800
1403638574.027829 4.174528 -2.767720 0.233695 0.711804 -0.409083 0.493243 0.287570
1403638574.127830 4.169056 -2.900103 0.249119 0.690388 -0.432286 0.500437 0.293353
1403638574.227829 4.163022 -3.027919 0.258854 0.669443 -0.456108 0.503424 0.300625
1403638574.327830 4.152606 -3.151685 0.264175 0.653890 -0.477557 0.497332 0.311494
1403638574.427830 4.135582 -3.272342 0.266226 0.642150 -0.496035 0.485456 0.325461
1403638574.527829 4.112683 -3.390609 0.266985 0.631013 -0.513203 0.474013 0.337279
1403638574.627830 4.088301 -3.506872 0.273773 0.621523 -0.523905 0.467008 0.348047
1403638574.727829 4.060705 -3.622839 0.287274 0.618621 -0.528092 0.456705 0.360343
1403638574.827830 4.032320 -3.734999 0.306851 0.620762 -0.530883 0.445079 0.367045
1403638574.927830 4.004807 -3.847059 0.324293 0.623126 -0.535523 0.437259 0.365696
1403638575.027829 3.975044 -3.954913 0.335669 0.623973 -0.539261 0.434660 0.361837
1403638575.127830 3.943859 -4.063653 0.341015 0.621508 -0.543985 0.438341 0.354493
1403638575.227829 3.910435 -4.172086 0.342984 0.619464 -0.545782 0.442557 0.350042
1403638575.327830 3.874301 -4.284492 0.339527 0.620205 -0.546224 0.443897 0.346325
1403638575.427830 3.835286 -4.394511 0.331968 0.625342 -0.545841 0.439797 0.342905
1403638575.527829 3.792649 -4.513078 0.321198 0.630146 -0.543594 0.436916 0.341360
1403638575.627830 3.747066 -4.636255 0.315914 0.636919 -0.539020 0.431040 0.343506
1403638575.727829 3.701542 -4.762795 0.316816 0.643156 -0.534400 0.425576 0.345908
1403638575.827830 3.656161 -4.894830 0.326457 0.649067 -0.531785 0.419218 0.346659
1403638575.927830 3.617165 -5.023838 0.347910 0.650939 -0.530631 0.418560 0.345712
1403638576.027829 3.581273 -5.158021 0.379033 0.651286 -0.529425 0.419330 0.345974
1403638576.127830 3.547972 -5.296798 0.416145 0.651051 -0.528719 0.419967 0.346722
1403638576.227829 3.519172 -5.441876 0.454113 0.650282 -0.526907 0.421620 0.348912
1403638576.327830 3.492181 -5.591317 0.486058 0.651228 -0.523861 0.419842 0.353842
1403638576.427830 3.470847 -5.750357 0.511101 0.653567 -0.521470 0.416685 0.356780
1403638576.527829 3.454526 -5.910311 0.530954 0.657308 -0.517767 0.410693 0.362208
1403638576.627830 3.444756 -6.065620 0.548351 0.660036 -0.515433 0.405958 0.365896
1403638576.727829 3.443681 -6.228235 0.557470 0.659172 -0.513215 0.406968 0.369433
1403638576.827830 3.452089 -6.395948 0.563000 0.655106 -0.509806 0.413357 0.374259
1403638576.927830 3.467518 -6.557074 0.564369 0.649509 -0.510083 0.421710 0.374318
1403638577.027829 3.491954 -6.721064 0.559393 0.644891 -0.512848 0.429252 0.369925
1403638577.127830 3.517599 -6.879646 0.561955 0.641245 -0.515530 0.434287 0.366645
1403638577.227829 3.546224 -7.038026 0.571077 0.639626 -0.517312 0.436439 0.364400
1403638577.327830 3.577861 -7.188524 0.586915 0.641913 -0.514540 0.432952 0.368440
1403638577.427830 3.613411 -7.345653 0.611844 0.646584 -0.509457 0.426820 0.374443
1403638577.527829 3.654702 -7.498271 0.638237 0.647304 -0.508809 0.426306 0.374665
1403638577.627830 3.700743 -7.649921 0.659319 0.646474 -0.510758 0.427767 0.371771
1403638577.727829 3.750574 -7.796435 0.673669 0.646315 -0.512133 0.428508 0.369294
1403638577.827830 3.804871 -7.941521 0.679518 0.646118 -0.513199 0.429685 0.366782
1403638577.927830 3.861951 -8.088045 0.682250 0.646361 -0.512469 0.430263 0.366697
1403638578.027829 3.922649 -8.232330 0.686871 0.646518 -0.511101 0.430802 0.367694
1403638578.127830 3.988164 -8.377393 0.699149 0.645018 -0.511937 0.434204 0.365158
1403638578.227829 4.058061 -8.518632 0.716388 0.640066 -0.516797 0.442619 0.356825
1403638578.327830 4.126977 -8.658356 0.734991 0.636638 -0.520771 0.447652 0.350852
1403638578.427830 4.193741 -8.802417 0.751738 0.636052 -0.521268 0.448052 0.350666
1403638578.527829 4.258145 -8.944675 0.761761 0.635532 -0.521826 0.448171 0.350627
1403638578.627830 4.320341 -9.084941 0.767771 0.634645 -0.521745 0.448582 0.351826
1403638578.727829 4.381476 -9.231009 0.770528 0.636091 -0.519575 0.445778 0.355966
1403638578.827830 4.440596 -9.370276 0.769856 0.639690 -0.516002 0.440432 0.361328
1403638578.927830 4.502576 -9.507455 0.766880 0.640948 -0.513113 0.438625 0.365388
1403638579.027829 4.565843 -9.639755 0.767438 0.642083 -0.510925 0.438086 0.367105
1403638579.127830 4.630365 -9.777698 0.777145 0.642106 -0.510368 0.437884 0.368079
1403638579.227829 4.698592 -9.907395 0.794713 0.642018 -0.510167 0.438340 0.367969
1403638579.327830 4.768749 -10.029518 0.814925 0.640453 -0.511854 0.441303 0.364798
1403638579.427830 4.841621 -10.157943 0.834202 0.635913 -0.517187 0.447839 0.357174
1403638579.527829 4.910720 -10.270238 0.846481 0.632744 -0.519425 0.453674 0.352155
1403638579.627830 4.979804 -10.389689 0.856388 0.630381 -0.511328 0.464655 0.353919
1403638579.727829 5.047127 -10.507402 0.860421 0.635821 -0.495477 0.473079 0.355572
1403638579.827830 5.114080 -10.619502 0.858317 0.651036 -0.475535 0.477572 0.349205
1403638579.927830 5.180212 -10.716790 0.846109 0.671628 -0.452565 0.481500 0.335049
1403638580.027829 5.242167 -10.792632 0.826337 0.688970 -0.422651 0.495035 0.318789
1403638580.127830 5.308247 -10.877173 0.812174 0.701931 -0.386014 0.516984 0.301684
1403638580.227829 5.372512 -10.953586 0.793403 0.717560 -0.349368 0.534413 0.278304
1403638580.327830 5.428130 -11.011436 0.768322 0.734969 -0.317191 0.545243 0.248838
1403638580.427830 5.484483 -11.073618 0.739254 0.748563 -0.296753 0.551114 0.218781
1403638580.527829 5.535493 -11.133194 0.706950 0.757086 -0.282518 0.554895 0.197726
1403638580.627830 5.583203 -11.190279 0.673617 0.765307 -0.268659 0.556033 0.181535
1403638580.727829 5.624507 -11.245154 0.640851 0.776151 -0.253227 0.552441 0.168148
1403638580.827830 5.661311 -11.296450 0.617869 0.784198 -0.240044 0.549107 0.160917
1403638580.927830 5.696496 -11.348790 0.604055 0.788435 -0.231878 0.547720 0.156865
1403638581.027829 5.731291 -11.401161 0.599444 0.789610 -0.229841 0.548105 0.152547
1403638581.127830 5.766043 -11.454718 0.602995 0.790097 -0.228258 0.547754 0.153658
1403638581.227829 5.800435 -11.506289 0.612257 0.790271 -0.227780 0.546924 0.156407
1403638581.327830 5.833170 -11.555269 0.620508 0.789906 -0.228473 0.546034 0.160299
1403638581.427830 5.865346 -11.601025 0.631466 0.788110 -0.229560 0.547164 0.163693
1403638581.527829 5.895480 -11.640260 0.649761 0.786827 -0.232006 0.547177 0.166357
1403638581.627830 5.928928 -11.681933 0.668382 0.784500 -0.233119 0.548838 0.170270
1403638581.727829 5.953738 -11.700382 0.698570 0.779746 -0.233228 0.553998 0.175177
1403638581.827830 5.965836 -11.694242 0.735140 0.777844 -0.234865 0.555287 0.177349
1403638581.927830 5.985245 -11.699208 0.755731 0.770965 -0.234512 0.563851 0.180801
1403638582.027829 6.012904 -11.720814 0.760541 0.767487 -0.233690 0.568223 0.182963
1403638582.127830 6.041744 -11.741201 0.771597 0.773920 -0.236211 0.559006 0.181008
1403638582.227829 6.065606 -11.754755 0.790147 0.779954 -0.238608 0.550431 0.178221
1403638582.327830 6.094199 -11.776664 0.817794 0.778532 -0.236813 0.552547 0.180278
1403638582.427830 6.119466 -11.787803 0.856897 0.776076 -0.235344 0.556068 0.181956
1403638582.527829 6.149403 -11.798287 0.906040 0.774924 -0.234279 0.557823 0.182865
1403638582.627830 6.174926 -11.803224 0.961100 0.774703 -0.233762 0.558146 0.183478
1403638582.727829 6.198093 -11.801650 1.028822 0.777316 -0.234735 0.554357 0.182668
1403638582.827830 6.220794 -11.799230 1.096992 0.778649 -0.235642 0.552288 0.182091
1403638582.927830 6.243079 -11.790698 1.166959 0.779924 -0.236773 0.550102 0.181783
1403638583.027829 6.264880 -11.779463 1.228549 0.782660 -0.238369 0.545813 0.180861
1403638583.127830 6.286558 -11.762686 1.282495 0.784655 -0.239579 0.542560 0.180410
1403638583.227829 6.310096 -11.746880 1.329183 0.785672 -0.241026 0.540751 0.179482
1403638583.327830 6.332463 -11.728930 1.360158 0.785507 -0.240773 0.540966 0.179896
1403638583.427830 6.357815 -11.709156 1.397499 0.785842 -0.241020 0.540471 0.179591
1403638583.527829 6.386219 -11.689412 1.436483 0.786417 -0.241099 0.539698 0.179290
1403638583.627830 6.416456 -11.668179 1.484732 0.786336 -0.240515 0.539813 0.180085
1403638583.727829 6.447934 -11.642185 1.537423 0.786215 -0.239755 0.539902 0.181356
1403638583.827830 6.479358 -11.607542 1.564705 0.786017 -0.239139 0.540238 0.182026
1403638583.927830 6.517210 -11.577897 1.606465 0.785193 -0.239139 0.541517 0.181782
1403638584.027829 6.552555 -11.544727 1.639096 0.784504 -0.238368 0.542479 0.182894
1403638584.127830 6.591432 -11.505824 1.653144 0.777522 -0.235003 0.552386 0.187361
1403638584.227829 6.624825 -11.465952 1.676936 0.767871 -0.231253 0.565833 0.191649
1403638584.327830 6.649229 -11.413341 1.673943 0.761959 -0.229852 0.573848 0.193093
1403638584.427830 6.660259 -11.352216 1.658310 0.760973 -0.229673 0.575288 0.192910
1403638584.527829 6.667059 -11.288764 1.644272 0.760486 -0.229842 0.576088 0.192240
1403638584.627830 6.683192 -11.224341 1.654963 0.761694 -0.229652 0.574679 0.191902
1403638584.727829 6.694405 -11.153765 1.671627 0.765362 -0.230821 0.570036 0.189738
1403638584.827830 6.699901 -11.077313 1.688824 0.773414 -0.234018 0.559266 0.185171
1403638584.927830 6.692684 -10.995978 1.685429 0.779508 -0.238069 0.550733 0.179952
1403638585.027829 6.699984 -10.915589 1.705059 0.782249 -0.239435 0.546786 0.178274
1403638585.127830 6.666832 -10.839054 1.664027 0.782418 -0.240334 0.546694 0.176598
1403638585.227829 6.672158 -10.757862 1.668052 0.781333 -0.240572 0.548149 0.176570
1403638585.327830 6.659448 -10.684167 1.652965 0.778970 -0.239346 0.551748 0.177460
1403638585.427830 6.658112 -10.605163 1.643310 0.778413 -0.239105 0.552734 0.177164
1403638585.527829 6.651867 -10.529654 1.632667 0.779403 -0.238873 0.551418 0.177228
1403638585.627830 6.656016 -10.449192 1.635832 0.781480 -0.238995 0.548694 0.176369
1403638585.727829 6.645778 -10.372274 1.642602 0.785439 -0.239689 0.543187 0.174879
1403638585.827830 6.653061 -10.291344 1.662516 0.790153 -0.241857 0.536230 0.172104
1403638585.927830 6.654048 -10.214919 1.688605 0.792503 -0.244212 0.532767 0.168695
1403638586.027829 6.656037 -10.136079 1.722563 0.789724 -0.244478 0.536751 0.168717
1403638586.127830 6.667296 -10.061895 1.752988 0.785966 -0.244296 0.541554 0.171159
1403638586.227829 6.672432 -9.980975 1.777449 0.783515 -0.243216 0.545014 0.172945
1403638586.327830 6.687607 -9.909135 1.795778 0.780318 -0.241517 0.549227 0.176415
1403638586.427830 6.694770 -9.827186 1.810258 0.777629 -0.236705 0.552548 0.184265
1403638586.527829 6.700814 -9.743063 1.818673 0.776523 -0.232423 0.553709 0.190783
1403638586.627830 6.699391 -9.655808 1.819161 0.776979 -0.234219 0.553194 0.188203
1403638586.727829 6.710708 -9.572253 1.815147 0.776982 -0.236781 0.553287 0.184682
1403638586.827830 6.721517 -9.488058 1.804168 0.776168 -0.238785 0.554582 0.181615
1403638586.927830 6.721545 -9.397224 1.787446 0.775484 -0.238279 0.555783 0.181529
1403638587.027829 6.729478 -9.310929 1.766241 0.775331 -0.238559 0.556152 0.180685
1403638587.127830 6.736044 -9.219909 1.747534 0.775511 -0.239162 0.555888 0.179925
1403638587.227829 6.732662 -9.127761 1.735963 0.777737 -0.238557 0.553138 0.179594
1403638587.327830 6.733074 -9.030051 1.733521 0.779238 -0.239203 0.550807 0.179394
1403638587.427830 6.734496 -8.940165 1.735030 0.779915 -0.240027 0.550025 0.177744
1403638587.527829 6.733169 -8.844248 1.736409 0.779630 -0.241046 0.550400 0.176449
1403638587.627830 6.736988 -8.748708 1.733062 0.779574 -0.242318 0.550220 0.175511
1403638587.727829 6.737746 -8.648328 1.723462 0.779382 -0.242375 0.550329 0.175945
1403638587.827830 6.741397 -8.556110 1.709904 0.778929 -0.243497 0.550749 0.175085
1403638587.927830 6.744449 -8.461570 1.690231 0.778546 -0.244047 0.551119 0.174856
1403638588.027829 6.745753 -8.370486 1.668229 0.777890 -0.244025 0.552144 0.174577
1403638588.127830 6.747942 -8.282287 1.641628 0.778243 -0.241723 0.551637 0.177772
1403638588.227829 6.748918 -8.190287 1.614080 0.779139 -0.237074 0.550308 0.184118
1403638588.327830 6.751088 -8.100424 1.588403 0.779779 -0.236156 0.549566 0.184801
1403638588.427830 6.752485 -7.998670 1.574115 0.779641 -0.236088 0.549828 0.184695
1403638588.527829 6.755663 -7.894801 1.565523 0.779337 -0.237697 0.550212 0.182758
1403638588.627830 6.756460 -7.794947 1.566310 0.778716 -0.238822 0.551398 0.180347
1403638588.727829 6.758182 -7.687964 1.572318 0.777045 -0.240925 0.553657 0.177821
1403638588.827830 6.756692 -7.582706 1.580816 0.776401 -0.241698 0.554483 0.177011
1403638588.927830 6.756113 -7.480652 1.583073 0.776170 -0.243048 0.554687 0.175528
1403638589.027829 6.752271 -7.374576 1.576914 0.776139 -0.243752 0.554458 0.175416
1403638589.127830 6.756447 -7.278274 1.568106 0.776388 -0.243248 0.553887 0.176810
1403638589.227829 6.753963 -7.171289 1.551352 0.776043 -0.243248 0.554304 0.177014
1403638589.327830 6.753301 -7.070493 1.531705 0.775402 -0.243345 0.555108 0.177174
1403638589.427830 6.749853 -6.963537 1.514182 0.775468 -0.243611 0.555084 0.176591
1403638589.527829 6.745297 -6.862500 1.502592 0.775858 -0.243617 0.554600 0.176394
1403638589.627830 6.736575 -6.753909 1.497336 0.775669 -0.243390 0.554837 0.176791
1403638589.727829 6.729798 -6.649599 1.505033 0.777434 -0.244140 0.552242 0.176126
1403638589.827830 6.719135 -6.542687 1.511408 0.778252 -0.245086 0.550786 0.175760
1403638589.927830 6.710546 -6.442626 1.518649 0.778744 -0.245074 0.549721 0.176928
1403638590.027829 6.700861 -6.337104 1.516082 0.778304 -0.246523 0.549994 0.176000
1403638590.127830 6.695146 -6.242168 1.515966 0.777822 -0.246761 0.550373 0.176610
1403638590.227829 6.684679 -6.136153 1.503977 0.776959 -0.247072 0.551313 0.177045
1403638590.327830 6.673307 -6.042998 1.492117 0.776682 -0.247190 0.551691 0.176917
1403638590.427830 6.660763 -5.939999 1.473016 0.777699 -0.247418 0.550032 0.177296
1403638590.527829 6.647561 -5.843007 1.454578 0.777757 -0.248206 0.549978 0.176103
1403638590.627830 6.635236 -5.742008 1.439204 0.779799 -0.248760 0.547084 0.175302
1403638590.727829 6.621133 -5.655335 1.434461 0.780863 -0.250032 0.545752 0.172892
1403638590.827830 6.610605 -5.557995 1.436201 0.781924 -0.249819 0.544276 0.173054
1403638590.927830 6.599125 -5.469477 1.445187 0.782468 -0.250461 0.543525 0.172028
1403638591.027829 6.588691 -5.371520 1.460092 0.783224 -0.251698 0.542215 0.170913
1403638591.127830 6.576947 -5.279113 1.472571 0.785856 -0.252438 0.538272 0.170202
1403638591.227829 6.565371 -5.183110 1.477576 0.790775 -0.254138 0.530721 0.168592
1403638591.327830 6.555979 -5.101392 1.476487 0.796445 -0.256764 0.521980 0.165178
1403638591.427830 6.552328 -5.019694 1.471448 0.799619 -0.258860 0.516897 0.162537
1403638591.527829 6.556618 -4.944461 1.460673 0.802167 -0.261185 0.512702 0.159523
1403638591.627830 6.567675 -4.883392 1.444464 0.804239 -0.262634 0.509362 0.157395
1403638591.727829 6.586994 -4.826109 1.427205 0.803096 -0.263653 0.510602 0.157511
1403638591.827830 6.611430 -4.772327 1.410666 0.800692 -0.262395 0.514594 0.158854
1403638591.927830 6.644414 -4.750360 1.399377 0.798115 -0.260698 0.519196 0.159637
1403638592.027829 6.682818 -4.727253 1.397790 0.795494 -0.260052 0.523396 0.160060
1403638592.127830 6.726053 -4.715758 1.404517 0.793986 -0.258591 0.526433 0.159952
1403638592.227829 6.772057 -4.697484 1.421699 0.789344 -0.255230 0.536153 0.155993
1403638592.327830 6.819296 -4.689322 1.449910 0.784687 -0.248541 0.547995 0.148978
1403638592.427830 6.867180 -4.681727 1.485446 0.784284 -0.236676 0.556694 0.137748
1403638592.527829 6.911673 -4.674084 1.527260 0.789524 -0.222135 0.557769 0.127289
1403638592.627830 6.952223 -4.671194 1.574138 0.796950 -0.208987 0.553772 0.120550
1403638592.727829 6.992015 -4.671494 1.623924 0.804169 -0.199470 0.548049 0.114742
1403638592.827830 7.032506 -4.675730 1.669159 0.810544 -0.194044 0.541612 0.109645
1403638592.927830 7.073818 -4.683355 1.709465 0.814045 -0.189716 0.538260 0.107769
1403638593.027829 7.117487 -4.695066 1.744864 0.815473 -0.187160 0.537184 0.106809
1403638593.127830 7.166919 -4.711364 1.775671 0.815538 -0.186085 0.537546 0.106372
1403638593.227829 7.220125 -4.731967 1.812115 0.812110 -0.184098 0.542797 0.109345
1403638593.327830 7.276518 -4.754717 1.856468 0.809476 -0.179380 0.546584 0.117547
1403638593.427830 7.333745 -4.778687 1.902484 0.804864 -0.173928 0.552809 0.127847
1403638593.527829 7.391131 -4.800300 1.942692 0.801093 -0.171871 0.557680 0.133050
1403638593.627830 7.449546 -4.819385 1.976176 0.799148 -0.171611 0.559811 0.136100
1403638593.727829 7.506842 -4.834073 2.003673 0.797214 -0.171341 0.562165 0.138070
1403638593.827830 7.566181 -4.845889 2.026305 0.790903 -0.172341 0.570952 0.137056
1403638593.927830 7.620725 -4.851145 2.055301 0.781678 -0.170135 0.585460 0.131417
1403638594.027829 7.668865 -4.852954 2.086177 0.784114 -0.167291 0.584741 0.123521
1403638594.127830 7.710513 -4.852197 2.122142 0.790049 -0.164321 0.578701 0.118011
1403638594.227829 7.747706 -4.850012 2.159566 0.794883 -0.159356 0.573466 0.117909
1403638594.327830 7.781662 -4.846062 2.191144 0.795128 -0.155065 0.574249 0.118171
1403638594.427830 7.808772 -4.837992 2.227678 0.793662 -0.148676 0.577037 0.122575
1403638594.527829 7.835252 -4.826234 2.264013 0.793350 -0.147449 0.578095 0.121083
1403638594.627830 7.850793 -4.809224 2.312226 0.793850 -0.149862 0.577972 0.115292
1403638594.727829 7.869518 -4.791638 2.356714 0.794402 -0.152870 0.577151 0.111589
1403638594.827830 7.877093 -4.771476 2.399852 0.794701 -0.154553 0.576581 0.110082
1403638594.927830 7.889472 -4.751385 2.431780 0.795556 -0.155593 0.575139 0.109983
1403638595.027829 7.898588 -4.730015 2.457308 0.797084 -0.157214 0.572709 0.109294
1403638595.127830 7.899821 -4.704571 2.481147 0.797961 -0.158359 0.571193 0.109176
1403638595.227829 7.906594 -4.682756 2.494243 0.798429 -0.158755 0.570260 0.110049
1403638595.327830 7.912456 -4.660730 2.502744 0.798535 -0.159087 0.569909 0.110617
1403638595.427830 7.915323 -4.636969 2.505401 0.798359 -0.159892 0.570014 0.110187
1403638595.527829 7.916003 -4.613895 2.503567 0.798945 -0.159890 0.569190 0.110202
1403638595.627830 7.916101 -4.590152 2.502852 0.799550 -0.159195 0.568418 0.110807
1403638595.727829 7.914335 -4.566087 2.508045 0.800055 -0.156229 0.567684 0.115064
1403638595.827830 7.906451 -4.535530 2.520312 0.800824 -0.154711 0.566413 0.117994
1403638595.927830 7.902963 -4.509369 2.516988 0.800552 -0.154126 0.566708 0.119178
1403638596.027829 7.899809 -4.481075 2.501419 0.800309 -0.151467 0.566912 0.123180
1403638596.127830 7.896912 -4.449403 2.479807 0.801410 -0.144589 0.564831 0.133427
1403638596.227829 7.894808 -4.411339 2.461755 0.803364 -0.135944 0.561252 0.145333
1403638596.327830 7.892146 -4.362807 2.454892 0.804437 -0.127847 0.558654 0.156342
1403638596.427830 7.892911 -4.307020 2.453388 0.804337 -0.122287 0.558144 0.162983
1403638596.527829 7.896205 -4.239254 2.463783 0.804120 -0.116657 0.557694 0.169588
1403638596.627830 7.904772 -4.158142 2.479504 0.804565 -0.110793 0.556020 0.176754
1403638596.727829 7.919036 -4.061362 2.502842 0.805169 -0.105929 0.554055 0.183045
1403638596.827830 7.938683 -3.949510 2.536875 0.804827 -0.102413 0.553864 0.187083
1403638596.927830 7.961181 -3.818400 2.572774 0.803800 -0.100506 0.554897 0.189457
1403638597.027829 7.988765 -3.674565 2.609008 0.802855 -0.100556 0.555651 0.191216
1403638597.127830 8.019519 -3.514015 2.639684 0.801265 -0.099400 0.557289 0.193709
1403638597.227829 8.053409 -3.338241 2.662277 0.799153 -0.100672 0.559938 0.194138
1403638597.327830 8.087985 -3.146335 2.678354 0.797069 -0.104338 0.563518 0.190371
1403638597.427830 8.127078 -2.937710 2.687712 0.795057 -0.110056 0.567288 0.184272
1403638597.527829 8.164659 -2.718490 2.697177 0.790651 -0.119090 0.575373 0.172146
1403638597.627830 8.201185 -2.487085 2.699125 0.787351 -0.126534 0.580958 0.162957
1403638597.727829 8.234154 -2.249111 2.696166 0.786512 -0.127178 0.582086 0.162484
1403638597.827830 8.265029 -2.002761 2.688549 0.789014 -0.117434 0.579258 0.167708
1403638597.927830 8.292515 -1.748316 2.676071 0.791605 -0.106097 0.576706 0.171801
1403638598.027829 8.319213 -1.483134 2.664275 0.792537 -0.099544 0.577303 0.169401
1403638598.127830 8.345780 -1.205919 2.659488 0.793088 -0.103523 0.580173 0.153929
1403638598.227829 8.369124 -0.919947 2.659969 0.794170 -0.113150 0.582052 0.133064
1403638598.327830 8.390261 -0.630808 2.662374 0.796771 -0.120453 0.580142 0.118668
1403638598.427830 8.410972 -0.342680 2.659595 0.798819 -0.123974 0.577993 0.111546
1403638598.527829 8.428927 -0.056351 2.650709 0.800483 -0.123778 0.576468 0.107660
1403638598.627830 8.444725 0.227931 2.632860 0.803714 -0.118686 0.573907 0.102897
1403638598.727829 8.459811 0.511197 2.613632 0.805489 -0.108331 0.574555 0.096639
1403638598.827830 8.474044 0.790624 2.598020 0.806622 -0.095654 0.576628 0.087814
1403638598.927830 8.485220 1.065987 2.588100 0.809106 -0.080025 0.576878 0.078454
1403638599.027829 8.494481 1.339204 2.581174 0.810876 -0.064286 0.577949 0.065743
1403638599.127830 8.503236 1.611016 2.580973 0.812022 -0.046053 0.579216 0.054843
1403638599.227829 8.507552 1.879906 2.585013 0.813521 -0.027476 0.579273 0.043274
1403638599.327830 8.510527 2.148831 2.595186 0.815500 -0.009382 0.577899 0.030068
1403638599.427830 8.509760 2.413444 2.612129 0.818308 0.007097 0.574362 0.020727
1403638599.527829 8.507743 2.679385 2.631530 0.820419 0.018266 0.571304 0.013767
1403638599.627830 8.503576 2.945702 2.644904 0.822011 0.023617 0.568927 0.007906
1403638599.727829 8.498457 3.208964 2.648746 0.823175 0.026833 0.567123 0.005797
1403638599.827830 8.497069 3.470718 2.645179 0.823793 0.026016 0.566274 0.004724
1403638599.927830 8.498428 3.730841 2.636931 0.825031 0.022232 0.564647 0.001973
1403638600.027829 8.502301 3.990489 2.623134 0.824414 0.015665 0.565763 -0.002970
1403638600.127830 8.510742 4.244448 2.606351 0.826547 0.006208 0.562723 -0.011193
1403638600.227829 8.521315 4.493141 2.585653 0.829383 -0.005481 0.558179 -0.023021
1403638600.327830 8.534516 4.731850 2.561174 0.831116 -0.015088 0.554983 -0.031808
1403638600.427830 8.552798 4.961985 2.539635 0.832375 -0.023469 0.552300 -0.039566
1403638600.527829 8.575728 5.175528 2.527858 0.833102 -0.026314 0.550989 -0.040729
1403638600.627830 8.602683 5.375779 2.526057 0.834423 -0.027706 0.548952 -0.040280
1403638600.727829 8.634416 5.561933 2.531315 0.836587 -0.028947 0.545548 -0.040768
1403638600.827830 8.672135 5.730812 2.542473 0.840524 -0.025761 0.539875 -0.037293
1403638600.927830 8.717272 5.886376 2.555986 0.843644 -0.013321 0.536298 -0.021709
1403638601.027829 8.770474 6.031795 2.564502 0.844456 -0.002113 0.535557 -0.008269
1403638601.127830 8.831534 6.172311 2.566935 0.843212 0.003615 0.537566 -0.001653
1403638601.227829 8.899883 6.309016 2.565159 0.840228 0.010923 0.542077 0.007078
1403638601.327830 8.975352 6.447621 2.560590 0.832785 0.017527 0.553161 0.013216
1403638601.427830 9.056205 6.588244 2.556594 0.828424 0.020008 0.559738 0.002713
1403638601.527829 9.139338 6.727243 2.559582 0.824189 0.029618 0.565466 -0.009166
1403638601.627830 9.223119 6.869957 2.569493 0.820794 0.046599 0.568957 -0.020339
1403638601.727829 9.306261 7.010720 2.584881 0.818133 0.069626 0.569871 -0.032506
1403638601.827830 9.387027 7.150829 2.608183 0.813655 0.097312 0.571290 -0.046092
1403638601.927830 9.463913 7.292231 2.637821 0.808949 0.124947 0.571275 -0.060297
1403638602.027829 9.538234 7.435821 2.664972 0.806469 0.145108 0.568481 -0.073354
1403638602.127830 9.609532 7.580590 2.685310 0.803330 0.160456 0.567678 -0.081591
1403638602.227829 9.676183 7.727097 2.700053 0.796917 0.177214 0.570893 -0.087180
1403638602.327830 9.737656 7.877219 2.711948 0.788215 0.193288 0.575524 -0.100642
1403638602.427830 9.791325 8.030612 2.729411 0.772413 0.200931 0.587668 -0.132859
1403638602.527829 9.835555 8.181235 2.756630 0.748806 0.206023 0.606970 -0.168618
1403638602.627830 9.866130 8.319926 2.790573 0.731802 0.213977 0.616042 -0.197920
1403638602.727829 9.882125 8.443444 2.828708 0.725487 0.230807 0.612390 -0.213016
1403638602.827830 9.884894 8.549211 2.871340 0.721628 0.251950 0.605667 -0.221226
1403638602.927830 9.861286 8.634604 2.919949 0.719778 0.270035 0.594681 -0.235277
1403638603.027829 9.833925 8.712087 2.966781 0.718309 0.283621 0.580952 -0.257072
1403638603.127830 9.800425 8.772583 3.008906 0.710474 0.297532 0.575943 -0.273846
1403638603.227829 9.761175 8.819557 3.041365 0.709763 0.313456 0.566154 -0.278303
1403638603.327830 9.716095 8.852514 3.062404 0.721561 0.330227 0.544317 -0.272065
1403638603.427830 9.669039 8.874449 3.074913 0.732342 0.341488 0.525488 -0.266313
1403638603.527829 9.622970 8.895851 3.086509 0.735928 0.346734 0.518029 -0.264255
1403638603.627830 9.577136 8.912912 3.094251 0.729840 0.349056 0.522756 -0.268739
1403638603.727829 9.529802 8.924117 3.095400 0.721407 0.353965 0.532548 -0.265846
1403638603.827830 9.480029 8.930343 3.088987 0.713341 0.359393 0.542696 -0.259736
1403638603.927830 9.423598 8.933153 3.075357 0.706074 0.363843 0.552373 -0.252908
1403638604.027829 9.361477 8.932933 3.054773 0.700966 0.366393 0.559574 -0.247546
1403638604.127830 9.287780 8.933475 3.034572 0.697926 0.367964 0.563929 -0.243898
1403638604.227829 9.206585 8.928504 3.021565 0.699303 0.366511 0.561774 -0.247093
1403638604.327830 9.111521 8.919757 3.016325 0.705846 0.362532 0.553160 -0.253703
1403638604.427830 9.009888 8.905836 3.017213 0.714011 0.361278 0.542393 -0.255885
1403638604.527829 8.903564 8.886033 3.025815 0.721169 0.363522 0.532650 -0.253083
1403638604.627830 8.794400 8.864901 3.034504 0.724202 0.364514 0.528247 -0.252222
1403638604.727829 8.685220 8.843065 3.036334 0.726849 0.361880 0.524423 -0.256347
1403638604.827830 8.576123 8.818559 3.035120 0.729115 0.359635 0.521129 -0.259767
1403638604.927830 8.467234 8.792497 3.036098 0.733211 0.360713 0.515360 -0.258249
1403638605.027829 8.360979 8.764566 3.041512 0.740351 0.362868 0.504951 -0.255405
1403638605.127830 8.255823 8.736502 3.054991 0.745711 0.364846 0.497017 -0.252540
1403638605.227829 8.155948 8.711057 3.074977 0.747499 0.367002 0.494238 -0.249566
1403638605.327830 8.060998 8.693051 3.092069 0.746454 0.370240 0.495792 -0.244783
1403638605.427830 7.970145 8.680993 3.105597 0.738648 0.375423 0.506629 -0.238293
1403638605.527829 7.876974 8.672786 3.111363 0.728441 0.379720 0.520851 -0.232166
1403638605.627830 7.773438 8.668022 3.113108 0.721105 0.383789 0.530859 -0.225615
1403638605.727829 7.678680 8.668880 3.110476 0.717846 0.385930 0.534894 -0.222808
1403638605.827830 7.573293 8.674405 3.116462 0.718263 0.387007 0.534011 -0.221711
1403638605.927830 7.461973 8.685881 3.132998 0.717659 0.388519 0.534902 -0.218857
1403638606.027829 7.340088 8.705939 3.150852 0.717160 0.390032 0.536280 -0.214385
1403638606.127830 7.216917 8.729798 3.165949 0.717254 0.390912 0.536684 -0.211434
1403638606.227829 7.083201 8.758140 3.172027 0.717329 0.392431 0.536621 -0.208508
1403638606.327830 6.945855 8.792503 3.170248 0.721238 0.390557 0.532202 -0.209862
1403638606.427830 6.799218 8.832280 3.159156 0.731495 0.384881 0.519390 -0.216831
1403638606.527829 6.649420 8.877343 3.144204 0.742075 0.378102 0.505526 -0.225404
1403638606.627830 6.501468 8.928222 3.125190 0.748184 0.376718 0.495021 -0.230779
1403638606.727829 6.360998 8.987485 3.100801 0.749627 0.383181 0.485916 -0.234771
1403638606.827830 6.215266 9.048447 3.075604 0.746964 0.394221 0.477863 -0.241415
1403638606.927830 6.081359 9.119615 3.050696 0.740867 0.408463 0.470321 -0.251142
1403638607.027829 5.954229 9.199506 3.031973 0.732468 0.423433 0.462762 -0.264664
1403638607.127830 5.837679 9.286953 3.022770 0.724860 0.432901 0.456009 -0.281478
1403638607.227829 5.724402 9.382120 3.018870 0.712253 0.439096 0.460836 -0.295838
1403638607.327830 5.621698 9.479148 3.009270 0.700479 0.441130 0.468426 -0.308724
1403638607.427830 5.522309 9.577966 2.990376 0.693834 0.441802 0.471399 -0.318101
1403638607.527829 5.430872 9.675060 2.962333 0.692911 0.442433 0.469225 -0.322421
1403638607.627830 5.343109 9.769773 2.929215 0.691676 0.443690 0.469087 -0.323544
1403638607.727829 5.260046 9.861733 2.893634 0.689267 0.444092 0.472435 -0.323261
1403638607.827830 5.179838 9.951760 2.855036 0.689888 0.443765 0.472344 -0.322518
1403638607.927830 5.102417 10.038614 2.814065 0.694132 0.440369 0.467695 -0.324835
1403638608.027829 5.030485 10.124350 2.767544 0.695857 0.436762 0.466977 -0.327039
1403638608.127830 4.962339 10.208842 2.716384 0.693284 0.435719 0.472905 -0.325372
1403638608.227829 4.899683 10.289819 2.661457 0.689297 0.436299 0.480546 -0.321851
1403638608.327830 4.843936 10.362669 2.603581 0.684253 0.434780 0.488933 -0.322038
1403638608.427830 4.784510 10.433175 2.540162 0.680648 0.433970 0.494245 -0.322660
1403638608.527829 4.728061 10.499841 2.470839 0.682511 0.434661 0.492120 -0.321039
1403638608.627830 4.670406 10.560449 2.399470 0.681729 0.432265 0.493864 -0.323250
1403638608.727829 4.610734 10.614682 2.333615 0.678926 0.429962 0.497105 -0.327228
1403638608.827830 4.554752 10.662867 2.270666 0.681616 0.431361 0.493277 -0.325584
1403638608.927830 4.495915 10.705512 2.215217 0.685538 0.432658 0.487800 -0.323875
1403638609.027829 4.439318 10.742002 2.167003 0.689228 0.432822 0.482291 -0.324075
1403638609.127830 4.386035 10.774589 2.125834 0.690747 0.433493 0.480254 -0.322968
1403638609.227829 4.336212 10.803919 2.088712 0.690788 0.428627 0.479915 -0.329807
1403638609.327830 4.289489 10.829698 2.046788 0.691221 0.425610 0.479328 -0.333638
1403638609.427830 4.246687 10.851764 1.997238 0.691171 0.427541 0.479848 -0.330511
1403638609.527829 4.205828 10.869010 1.941264 0.691221 0.429674 0.480421 -0.326787
1403638609.627830 4.166835 10.887652 1.877968 0.691292 0.430554 0.480934 -0.324717
1403638609.727829 4.131914 10.900151 1.811778 0.690120 0.432728 0.482698 -0.321688
1403638609.827830 4.099282 10.914731 1.748851 0.691153 0.432470 0.481171 -0.322105
1403638609.927830 4.070774 10.921491 1.696588 0.690748 0.432232 0.481813 -0.322333
1403638610.027829 4.046983 10.926911 1.651023 0.689561 0.430654 0.483288 -0.324771
1403638610.127830 4.023361 10.928460 1.613495 0.686727 0.428361 0.487235 -0.327895
1403638610.227829 4.001298 10.926207 1.575428 0.683970 0.427351 0.491098 -0.329210
1403638610.327830 3.979676 10.918804 1.530880 0.683081 0.426113 0.492587 -0.330434
1403638610.427830 3.960614 10.906390 1.480398 0.682730 0.424867 0.493264 -0.331750
1403638610.527829 3.940206 10.889702 1.424320 0.679785 0.424760 0.497692 -0.331320
1403638610.627830 3.920738 10.865526 1.366637 0.672647 0.420727 0.507000 -0.336876
1403638610.727829 3.899087 10.831860 1.309382 0.673324 0.420996 0.505706 -0.337135
1403638610.827830 3.876214 10.789723 1.256801 0.680607 0.424427 0.495109 -0.333921
1403638610.927830 3.855370 10.743980 1.214989 0.683503 0.427001 0.489935 -0.332352
1403638611.027829 3.836202 10.693165 1.176204 0.682480 0.425179 0.491095 -0.335068
1403638611.127830 3.815492 10.636564 1.127949 0.679793 0.424123 0.494006 -0.337580
1403638611.227829 3.800623 10.575858 1.083497 0.679232 0.425080 0.494090 -0.337382
1403638611.327830 3.784389 10.507929 1.039096 0.678567 0.427416 0.494836 -0.334663
1403638611.427830 3.767373 10.433388 1.000409 0.673900 0.434503 0.502102 -0.323974
1403638611.527829 3.744972 10.354889 0.966186 0.670961 0.441354 0.506860 -0.313226
1403638611.627830 3.717820 10.274014 0.937714 0.672823 0.443877 0.505399 -0.307984
1403638611.727829 3.688056 10.191916 0.913271 0.677014 0.442115 0.500183 -0.309846
1403638611.827830 3.656063 10.108210 0.884292 0.682876 0.437116 0.492554 -0.316229
1403638611.927830 3.624637 10.025226 0.852355 0.687680 0.433613 0.486549 -0.319915
1403638612.027829 3.594496 9.941329 0.819669 0.690402 0.431988 0.483061 -0.321534
1403638612.127830 3.565022 9.857716 0.790101 0.692292 0.430375 0.480845 -0.322951
1403638612.227829 3.538392 9.773192 0.770373 0.692838 0.430520 0.480483 -0.322125
1403638612.327830 3.515823 9.689954 0.755686 0.692482 0.430807 0.481102 -0.321582
1403638612.427830 3.495239 9.604895 0.744032 0.691460 0.430568 0.483329 -0.320761
1403638612.527829 3.475837 9.519333 0.725634 0.689431 0.430470 0.487605 -0.318782
1403638612.627830 3.456333 9.432837 0.700491 0.687748 0.432308 0.491460 -0.313974
1403638612.727829 3.435175 9.344528 0.666878 0.685952 0.433392 0.495686 -0.309738
1403638612.827830 3.414079 9.258808 0.633094 0.685030 0.431758 0.498990 -0.308753
1403638612.927830 3.386129 9.167944 0.598479 0.684588 0.429309 0.501112 -0.309709
1403638613.027829 3.359428 9.082362 0.573021 0.687095 0.428310 0.498646 -0.309523
1403638613.127830 3.329107 8.994999 0.555928 0.688614 0.427429 0.497168 -0.309740
1403638613.227829 3.294119 8.901265 0.543459 0.690313 0.427120 0.495097 -0.309703
1403638613.327830 3.263047 8.814428 0.540351 0.690903 0.427653 0.494439 -0.308699
1403638613.427830 3.227002 8.720861 0.538721 0.690164 0.428154 0.495467 -0.308010
1403638613.527829 3.192493 8.633249 0.532786 0.690094 0.424687 0.497848 -0.309125
1403638613.627830 3.157268 8.545618 0.521049 0.691728 0.418505 0.499650 -0.310992
1403638613.727829 3.121438 8.458783 0.503016 0.690840 0.411818 0.503936 -0.314952
1403638613.827830 3.079535 8.358405 0.475595 0.691313 0.404468 0.509313 -0.314788
1403638613.927830 3.040776 8.260424 0.443337 0.695563 0.395675 0.513679 -0.309463
1403638614.027829 3.004032 8.160086 0.407207 0.702734 0.384998 0.518230 -0.298963
1403638614.127830 2.964734 8.054054 0.366603 0.712308 0.372048 0.521913 -0.286015
1403638614.227829 2.924770 7.945118 0.329763 0.722355 0.358817 0.524597 -0.272492
1403638614.327830 2.881325 7.829794 0.298311 0.730312 0.347601 0.526144 -0.262660
1403638614.427830 2.837153 7.714435 0.274116 0.736189 0.337966 0.526799 -0.257463
1403638614.527829 2.792613 7.601774 0.259871 0.740712 0.329824 0.527039 -0.254541
1403638614.627830 2.748308 7.488393 0.253907 0.745299 0.319786 0.528457 -0.250998
1403638614.727829 2.708026 7.378623 0.259604 0.752957 0.305580 0.527161 -0.248550
1403638614.827830 2.670814 7.268054 0.275698 0.763800 0.288587 0.523559 -0.243339
1403638614.927830 2.638283 7.155365 0.299329 0.774283 0.271017 0.522403 -0.232661
1403638615.027829 2.613744 7.041818 0.328369 0.783471 0.250408 0.525248 -0.218136
1403638615.127830 2.595584 6.926540 0.361882 0.790035 0.229122 0.533167 -0.197690
1403638615.227829 2.582778 6.808222 0.400963 0.792144 0.208224 0.546790 -0.173701
1403638615.327830 2.573610 6.690895 0.440316 0.795376 0.183969 0.557336 -0.151357
1403638615.427830 2.567978 6.578348 0.475620 0.799041 0.158015 0.565284 -0.130453
1403638615.527829 2.558739 6.459946 0.501691 0.803092 0.132620 0.570197 -0.111040
1403638615.627830 2.546690 6.339350 0.521193 0.805631 0.111682 0.573804 -0.096102
1403638615.727829 2.533820 6.220640 0.539951 0.807548 0.096956 0.575360 -0.086174
1403638615.827830 2.520127 6.103592 0.567101 0.808831 0.086083 0.576257 -0.079438
1403638615.927830 2.503411 5.985784 0.597849 0.809898 0.073470 0.577186 -0.074328
1403638616.027829 2.488033 5.869967 0.622307 0.811582 0.061571 0.577200 -0.066213
1403638616.127830 2.470814 5.749773 0.639486 0.812588 0.049033 0.578007 -0.056607
1403638616.227829 2.453169 5.632401 0.639569 0.814128 0.032656 0.577865 -0.046920
1403638616.327830 2.434501 5.512567 0.623324 0.815195 0.013660 0.577995 -0.034529
1403638616.427830 2.414416 5.387161 0.596967 0.815956 -0.005185 0.577681 -0.021782
1403638616.527829 2.393334 5.266870 0.565167 0.816849 -0.020776 0.576345 -0.012353
1403638616.627830 2.373366 5.145418 0.530566 0.819859 -0.031695 0.571670 -0.004523
1403638616.727829 2.353432 5.024372 0.492019 0.827102 -0.041294 0.560525 -0.002784
1403638616.827830 2.338182 4.903396 0.450074 0.834755 -0.050437 0.548256 -0.007476
1403638616.927830 2.329853 4.779362 0.412464 0.836882 -0.053235 0.544732 -0.007812
1403638617.027829 2.329214 4.651317 0.385591 0.833633 -0.048412 0.550192 -0.000787
1403638617.127830 2.332954 4.519701 0.367577 0.829734 -0.041632 0.556571 0.006175
1403638617.227829 2.340198 4.386329 0.355524 0.829539 -0.035978 0.557205 0.009620
1403638617.327830 2.351894 4.255037 0.347882 0.832739 -0.033041 0.552608 0.008862
1403638617.427830 2.368432 4.126103 0.347178 0.836899 -0.029392 0.546485 0.009550
1403638617.527829 2.390447 3.999140 0.355518 0.838678 -0.026169 0.543917 0.009419
1403638617.627830 2.419745 3.876070 0.372583 0.838236 -0.023414 0.544722 0.009439
1403638617.727829 2.456513 3.758691 0.398845 0.836501 -0.019265 0.547512 0.011233
1403638617.827830 2.499043 3.645404 0.431304 0.836386 -0.016632 0.547766 0.011574
1403638617.927830 2.546497 3.537710 0.471168 0.835224 -0.015620 0.549593 0.010181
1403638618.027829 2.598130 3.432136 0.509587 0.834760 -0.014492 0.550346 0.009240
1403638618.127830 2.653935 3.329780 0.541659 0.834874 -0.014032 0.550215 0.007258
1403638618.227829 2.713178 3.226956 0.567265 0.834628 -0.012912 0.550621 0.006726
1403638618.327830 2.775670 3.129709 0.587927 0.833953 -0.011427 0.551671 0.007153
1403638618.427830 2.841222 3.032978 0.605199 0.833848 -0.010405 0.551851 0.006999
1403638618.527829 2.910383 2.942583 0.621354 0.833313 -0.009266 0.552687 0.006472
1403638618.627830 2.983200 2.851714 0.634220 0.832966 -0.011142 0.553137 0.009132
1403638618.727829 3.059940 2.763938 0.649234 0.832794 -0.013476 0.553253 0.013509
1403638618.827830 3.144185 2.676778 0.669891 0.831641 -0.017340 0.554848 0.014700
1403638618.927830 3.226504 2.600106 0.695033 0.829028 -0.022703 0.558403 0.019577
1403638619.027829 3.312621 2.522217 0.716664 0.824654 -0.034023 0.563905 0.028266
1403638619.127830 3.398911 2.446529 0.729619 0.821101 -0.049872 0.567032 0.042202
1403638619.227829 3.484999 2.375573 0.735539 0.817562 -0.071611 0.568619 0.056004
1403638619.327830 3.572191 2.305394 0.733499 0.814018 -0.096504 0.568292 0.071450
1403638619.427830 3.656531 2.239473 0.723859 0.809489 -0.119962 0.568464 0.084768
1403638619.527829 3.742105 2.176179 0.712816 0.805526 -0.138400 0.568602 0.093089
1403638619.627830 3.825129 2.116460 0.700167 0.802576 -0.153912 0.568328 0.095849
1403638619.727829 3.909071 2.056449 0.683571 0.799961 -0.168786 0.568694 0.090333
1403638619.827830 3.988637 1.996695 0.665727 0.797076 -0.177739 0.570402 0.087866
1403638619.927830 4.057873 1.937094 0.645348 0.795322 -0.182975 0.571071 0.088666
1403638620.027829 4.128963 1.870663 0.621771 0.794103 -0.184974 0.571706 0.091307
1403638620.127830 4.197588 1.796376 0.607127 0.791405 -0.185061 0.574838 0.094822
1403638620.227829 4.259549 1.720519 0.597691 0.789223 -0.184537 0.577524 0.097668
1403638620.327830 4.308189 1.647193 0.595666 0.790845 -0.181981 0.575423 0.101669
1403638620.427830 4.353835 1.571676 0.599241 0.791941 -0.180327 0.574186 0.103063
1403638620.527829 4.394611 1.495853 0.606355 0.793195 -0.178113 0.573045 0.103621
1403638620.627830 4.433210 1.418176 0.609246 0.795369 -0.177325 0.570618 0.101682
1403638620.727829 4.469256 1.337995 0.606139 0.798606 -0.177980 0.566533 0.097938
1403638620.827830 4.500967 1.258518 0.598527 0.801646 -0.176504 0.562910 0.096657
1403638620.927830 4.531035 1.178703 0.587753 0.803476 -0.170459 0.561292 0.101598
1403638621.027829 4.561830 1.098792 0.573540 0.802647 -0.164613 0.563354 0.106270
1403638621.127830 4.589585 1.018704 0.559120 0.801487 -0.161514 0.565807 0.106745
1403638621.227829 4.618768 0.939815 0.553060 0.799935 -0.159173 0.568725 0.106394
1403638621.327830 4.643689 0.866328 0.554090 0.800439 -0.156165 0.568560 0.107935
1403638621.427830 4.673118 0.786428 0.553221 0.799263 -0.154221 0.570723 0.108025
1403638621.527829 4.696095 0.716258 0.548186 0.797286 -0.151659 0.574000 0.108903
1403638621.627830 4.719788 0.647037 0.537217 0.795624 -0.150271 0.576696 0.108734
1403638621.727829 4.737866 0.587772 0.521706 0.794770 -0.149034 0.578162 0.108898
1403638621.827830 4.754887 0.524835 0.502587 0.792470 -0.147459 0.581450 0.110285
1403638621.927830 4.765548 0.464723 0.480140 0.789060 -0.146094 0.586082 0.112020
1403638622.027829 4.767828 0.421164 0.456055 0.787553 -0.146165 0.588209 0.111382
1403638622.127830 4.769973 0.375407 0.427315 0.788185 -0.148377 0.587287 0.108827
1403638622.227829 4.765277 0.333236 0.398810 0.788521 -0.150319 0.586728 0.106720
1403638622.327830 4.758419 0.290068 0.374936 0.788514 -0.152328 0.586633 0.104417
1403638622.427830 4.740207 0.264698 0.364528 0.789379 -0.151694 0.585154 0.107072
1403638622.527829 4.719566 0.230488 0.358078 0.789436 -0.150670 0.584767 0.110169
1403638622.627830 4.694946 0.199715 0.357379 0.787895 -0.148111 0.586562 0.115023
1403638622.727829 4.665366 0.171912 0.367619 0.779897 -0.146512 0.596932 0.118183
1403638622.827830 4.631003 0.151735 0.389266 0.770272 -0.146155 0.608988 0.120227
1403638622.927830 4.588956 0.140221 0.411696 0.770327 -0.147519 0.608638 0.119976
1403638623.027829 4.543019 0.141436 0.429117 0.776534 -0.150469 0.600452 0.117524
1403638623.127830 4.485247 0.136953 0.439184 0.782259 -0.153996 0.592855 0.113486
1403638623.227829 4.418487 0.143512 0.444920 0.785247 -0.156953 0.588832 0.109682
1403638623.327830 4.347880 0.148472 0.444989 0.788741 -0.158824 0.584076 0.107321
1403638623.427830 4.274330 0.150352 0.440733 0.791495 -0.158920 0.580289 0.107445
1403638623.527829 4.196698 0.153956 0.435938 0.792038 -0.159768 0.579540 0.106225
1403638623.627830 4.116945 0.157924 0.435943 0.791440 -0.158449 0.580206 0.108987
1403638623.727829 4.032151 0.162919 0.443873 0.792165 -0.158337 0.578859 0.111023
1403638623.827830 3.943842 0.170335 0.457127 0.793012 -0.158055 0.577449 0.112707
1403638623.927830 3.850470 0.179312 0.471676 0.794723 -0.158703 0.574601 0.114295
1403638624.027829 3.753996 0.188435 0.481606 0.795330 -0.159761 0.573460 0.114325
1403638624.127830 3.657758 0.201397 0.485198 0.795784 -0.162641 0.572458 0.112107
1403638624.227829 3.564389 0.208614 0.490048 0.795850 -0.165378 0.572098 0.109438
1403638624.327830 3.469910 0.221686 0.486899 0.795146 -0.167355 0.572714 0.108326
1403638624.427830 3.371810 0.234758 0.477900 0.794881 -0.168687 0.572697 0.108291
1403638624.527829 3.270889 0.245767 0.470347 0.791710 -0.171241 0.576478 0.107443
1403638624.627830 3.166390 0.257126 0.457526 0.781997 -0.173754 0.589286 0.105035
1403638624.727829 3.061566 0.266362 0.443358 0.784509 -0.166894 0.587160 0.109248
1403638624.827830 2.956124 0.277075 0.436200 0.791551 -0.157297 0.579718 0.112395
1403638624.927830 2.846946 0.289273 0.437286 0.796113 -0.151972 0.575369 0.109818
1403638625.027829 2.731976 0.305423 0.441482 0.797636 -0.150124 0.575112 0.102403
1403638625.127830 2.617821 0.321519 0.443329 0.798653 -0.150775 0.574920 0.094270
1403638625.227829 2.516764 0.330202 0.442086 0.799908 -0.149806 0.574115 0.089985
1403638625.327830 2.403499 0.342393 0.437099 0.800214 -0.148309 0.574284 0.088650
1403638625.427830 2.299597 0.349204 0.435504 0.800156 -0.147154 0.574728 0.088229
1403638625.527829 2.187487 0.357976 0.439209 0.800008 -0.146705 0.575044 0.088251
1403638625.627830 2.068944 0.367799 0.448158 0.801414 -0.146361 0.573112 0.088641
1403638625.727829 1.979425 0.368852 0.465144 0.804540 -0.147203 0.568674 0.087498
1403638625.827830 1.866317 0.374939 0.477991 0.808851 -0.148140 0.562401 0.086717
1403638625.927830 1.758032 0.375190 0.487704 0.809933 -0.147857 0.560736 0.087876
1403638626.027829 1.645930 0.377577 0.491284 0.810615 -0.148857 0.559499 0.087785
1403638626.127830 1.556368 0.370454 0.491846 0.811052 -0.150841 0.558581 0.086189
1403638626.227829 1.437374 0.368058 0.485548 0.810879 -0.150174 0.558760 0.087807
1403638626.327830 1.343970 0.363791 0.476478 0.808926 -0.146258 0.561601 0.094079
1403638626.427830 1.258752 0.359093 0.464405 0.806748 -0.142056 0.564853 0.099587
1403638626.527829 1.154106 0.355815 0.448026 0.808013 -0.140590 0.563165 0.100968
1403638626.627830 1.066169 0.353359 0.432557 0.810114 -0.141372 0.560156 0.099775
1403638626.727829 0.977570 0.352538 0.419573 0.812953 -0.142099 0.556147 0.098057
1403638626.827830 0.893132 0.352704 0.412066 0.816112 -0.143057 0.551564 0.096297
1403638626.927830 0.810796 0.350620 0.413535 0.818406 -0.142563 0.548281 0.096308
1403638627.027829 0.742058 0.348456 0.417277 0.818496 -0.142470 0.548268 0.095755
1403638627.127830 0.676850 0.346947 0.418187 0.818278 -0.142269 0.548782 0.094967
1403638627.227829 0.618616 0.343391 0.414224 0.818172 -0.142069 0.549101 0.094340
1403638627.327830 0.559962 0.339669 0.406565 0.818214 -0.139799 0.549161 0.096974
1403638627.427830 0.508079 0.336780 0.395643 0.818086 -0.138697 0.549435 0.098075
1403638627.527829 0.459839 0.330750 0.384450 0.817815 -0.138915 0.549850 0.097703
1403638627.627830 0.415281 0.328660 0.372446 0.815746 -0.137387 0.552722 0.100902
1403638627.727829 0.379680 0.328033 0.357377 0.812669 -0.137121 0.557147 0.101754
1403638627.827830 0.352877 0.329974 0.334301 0.811340 -0.136843 0.558929 0.102958
1403638627.927830 0.322084 0.330565 0.317875 0.812520 -0.136878 0.557036 0.103856
1403638628.027829 0.308288 0.333524 0.297107 0.814179 -0.136956 0.554330 0.105235
1403638628.127830 0.282528 0.338897 0.283104 0.815111 -0.137454 0.552739 0.105740
1403638628.227829 0.259263 0.344884 0.271576 0.815211 -0.138176 0.552342 0.106102
1403638628.327830 0.252340 0.353132 0.260764 0.815949 -0.139334 0.551027 0.105748
1403638628.427830 0.260803 0.364333 0.251925 0.815594 -0.141397 0.551502 0.103239
1403638628.527829 0.250626 0.374066 0.248232 0.809778 -0.147719 0.559854 0.094878
1403638628.627830 0.243161 0.383897 0.246802 0.802976 -0.152402 0.569357 0.088516
1403638628.727829 0.230479 0.390764 0.245194 0.802532 -0.154240 0.569844 0.086194
1403638628.827830 0.218717 0.395130 0.238175 0.803968 -0.152240 0.567801 0.089783
1403638628.927830 0.229835 0.398468 0.227459 0.804152 -0.149820 0.567468 0.094201
1403638629.027829 0.219674 0.401522 0.215784 0.805141 -0.146381 0.566119 0.099148
1403638629.127830 0.212637 0.405207 0.209006 0.806459 -0.143649 0.564307 0.102692
1403638629.227829 0.200403 0.412778 0.202571 0.807423 -0.142121 0.563007 0.104371
1403638629.327830 0.187156 0.418689 0.198136 0.808210 -0.141418 0.561802 0.105715
1403638629.427830 0.179506 0.426624 0.196385 0.812269 -0.142337 0.555769 0.105263
1403638629.527829 0.183939 0.432140 0.197156 0.816953 -0.144894 0.548711 0.102515
1403638629.627830 0.188622 0.438762 0.198288 0.817284 -0.150244 0.548064 0.095389
1403638629.727829 0.196315 0.443972 0.201999 0.813288 -0.157877 0.553511 0.085225
1403638629.827830 0.203845 0.446625 0.205044 0.807304 -0.161151 0.561850 0.081336
1403638629.927830 0.210959 0.445582 0.201022 0.801154 -0.158423 0.570600 0.086436
1403638630.027829 0.215583 0.441865 0.187950 0.795304 -0.151237 0.578921 0.097312
1403638630.127830 0.216181 0.438615 0.163491 0.795664 -0.146585 0.578482 0.103879
1403638630.227829 0.213708 0.437791 0.132130 0.799769 -0.144562 0.572820 0.106530
1403638630.327830 0.209560 0.437087 0.094542 0.806378 -0.144010 0.563182 0.108816
1403638630.427830 0.218411 0.440701 0.091882 0.812620 -0.150471 0.555102 0.094175
1403638630.527829 0.229106 0.441493 0.099896 0.803051 -0.143165 0.569171 0.103232
1403638630.627830 0.238163 0.443164 0.087731 0.802248 -0.143554 0.570061 0.104022
1403638630.727829 0.243163 0.441507 0.069722 0.828438 -0.136700 0.534848 0.094555
1403638630.827830 0.235356 0.437735 0.065053 0.825940 -0.138661 0.537413 0.098916
1403638630.927830 0.229022 0.438877 0.059815 0.826772 -0.136878 0.536767 0.097947
1403638631.027829 0.222076 0.440275 0.054681 0.826995 -0.137174 0.536434 0.097478
1403638631.127830 0.215093 0.440916 0.050101 0.827034 -0.137506 0.536372 0.097016
1403638631.227829 0.207551 0.441655 0.045618 0.827045 -0.137372 0.536358 0.097182
1403638631.327830 0.200569 0.442196 0.041603 0.826941 -0.137429 0.536506 0.097172
1403638631.427830 0.193088 0.443036 0.037348 0.826961 -0.137271 0.536478 0.097385
1403638631.527829 0.185454 0.443879 0.033493 0.827042 -0.137346 0.536335 0.097372
1403638631.627830 0.178227 0.444499 0.029742 0.827123 -0.137197 0.536206 0.097605
