0.666667 -0.115406 3.162095 0.595770 0.068342 0.078493 0.075293 0.991715
0.700000 -0.140510 3.372272 0.556309 0.067091 0.081349 0.080174 0.991188
0.733333 -0.164794 3.581444 0.506023 0.065785 0.081057 0.085761 0.990832
0.766667 -0.193452 3.789339 0.447463 0.064253 0.081852 0.091058 0.990394
0.800000 -0.223010 3.997377 0.383796 0.062839 0.082985 0.096419 0.989883
0.833333 -0.255182 4.203105 0.308483 0.060922 0.082991 0.101856 0.989458
0.866667 -0.288055 4.411326 0.230894 0.059284 0.084575 0.107348 0.988842
0.900000 -0.321772 4.617405 0.143489 0.056368 0.086372 0.112588 0.988274
0.933333 -0.358191 4.814433 0.036593 0.052578 0.088303 0.118001 0.987681
0.966667 -0.394167 5.017410 -0.055475 0.050135 0.090277 0.123218 0.986992
1.000000 -0.430237 5.225392 -0.143522 0.048260 0.092723 0.128338 0.986206
1.033333 -0.471214 5.428892 -0.239093 0.046040 0.093819 0.133882 0.985471
1.066667 -0.510934 5.633662 -0.326075 0.043992 0.094991 0.139133 0.984725
1.100000 -0.553719 5.831691 -0.418846 0.041415 0.096063 0.144442 0.983968
1.133333 -0.597075 6.034946 -0.503498 0.039428 0.098572 0.149504 0.983045
1.166667 -0.648015 6.227064 -0.596451 0.036647 0.098428 0.155275 0.982272
1.200000 -0.696693 6.418562 -0.685933 0.032916 0.099081 0.160619 0.981479
1.233333 -0.746723 6.608720 -0.771189 0.029612 0.099896 0.165984 0.980609
1.266667 -0.795985 6.782590 -0.862748 0.024684 0.100907 0.171304 0.979726
1.300000 -0.848784 6.976026 -0.924049 0.022108 0.101639 0.176586 0.978774
1.333333 -0.901032 7.165180 -0.976824 0.019418 0.102017 0.181842 0.977829
1.366667 -0.953014 7.350809 -1.019010 0.016621 0.102191 0.187048 0.976880
1.400000 -1.007745 7.531406 -1.059698 0.013045 0.102050 0.192330 0.975923
1.433333 -1.061140 7.715536 -1.085070 0.010186 0.101414 0.197555 0.974979
1.466667 -1.116551 7.897056 -1.088799 0.007965 0.101131 0.202782 0.973955
1.500000 -1.174472 8.078021 -1.086222 0.005296 0.100520 0.207962 0.972944
1.533333 -1.233672 8.261598 -1.068694 0.002960 0.099565 0.213140 0.971931
1.566667 -1.297018 8.452069 -1.051698 0.000359 0.098961 0.218300 0.970851
1.600000 -1.364815 8.642605 -1.026807 -0.002182 0.098546 0.223507 0.969705
1.633333 -1.437851 8.823517 -0.984770 -0.004670 0.099060 0.228657 0.968443
1.666667 -1.506215 8.998141 -0.922822 -0.006240 0.097982 0.234021 0.967261
1.700000 -1.574732 9.175606 -0.851948 -0.008015 0.096910 0.239158 0.966099
1.733333 -1.645747 9.356583 -0.774895 -0.009980 0.095561 0.244396 0.964904
1.766667 -1.719123 9.545845 -0.694351 -0.011899 0.094382 0.249644 0.963653
1.800000 -1.804811 9.759785 -0.622805 -0.014155 0.093939 0.254996 0.962264
1.833333 -1.877906 9.942966 -0.521592 -0.015807 0.091737 0.260315 0.961026
1.866667 -1.959278 10.128723 -0.421607 -0.017553 0.090050 0.265455 0.959748
1.900000 -2.038541 10.302250 -0.312389 -0.019185 0.087692 0.270618 0.958493
1.933333 -2.128486 10.515090 -0.224144 -0.021534 0.087600 0.275791 0.956975
1.966667 -2.205181 10.684739 -0.108393 -0.022650 0.084556 0.280915 0.955732
2.000000 -2.291723 10.873810 0.001364 -0.023979 0.083343 0.285978 0.954304
2.033333 -2.377802 11.042920 0.114055 -0.025493 0.080913 0.291060 0.952936
2.066667 -2.464767 11.223322 0.220119 -0.026896 0.079016 0.296171 0.951481
2.100000 -2.546964 11.409811 0.323647 -0.028181 0.077192 0.301249 0.949998
2.133333 -2.646679 11.610759 0.400270 -0.030818 0.076798 0.306416 0.948294
2.166667 -2.743621 11.800559 0.479517 -0.033406 0.074311 0.311526 0.946738
2.200000 -2.836024 11.973054 0.564045 -0.035038 0.071475 0.316517 0.945241
2.233333 -2.925506 12.136053 0.648894 -0.036181 0.068751 0.321435 0.943739
2.266667 -3.015230 12.295172 0.731541 -0.037277 0.065638 0.326347 0.942231
2.300000 -3.106952 12.454650 0.805255 -0.038322 0.062724 0.331254 0.940674
2.333333 -3.204804 12.619170 0.864503 -0.039369 0.059578 0.336205 0.939078
2.366667 -3.301155 12.778628 0.917055 -0.040032 0.056486 0.341047 0.937493
2.400000 -3.400759 12.937720 0.958602 -0.040868 0.053169 0.345908 0.935869
2.433333 -3.497605 13.092063 0.994896 -0.041387 0.050234 0.350734 0.934211
2.466667 -3.599822 13.249425 1.015393 -0.041998 0.046472 0.355540 0.932560
2.500000 -3.708889 13.410861 1.018069 -0.042860 0.042564 0.360417 0.930834
2.533333 -3.818087 13.568717 1.010503 -0.043311 0.038894 0.365253 0.929086
2.566667 -3.925595 13.719606 0.993906 -0.043423 0.035586 0.370077 0.927303
2.600000 -4.029230 13.869064 0.967293 -0.043280 0.033019 0.374782 0.925513
2.633333 -4.137666 14.016685 0.929864 -0.043106 0.029734 0.379483 0.923716
2.666667 -4.264448 14.168369 0.871354 -0.043552 0.024900 0.384619 0.921711
2.700000 -4.383335 14.323102 0.810384 -0.043583 0.021544 0.389430 0.919772
2.733333 -4.518160 14.491663 0.736555 -0.044878 0.016924 0.394547 0.917623
2.766667 -4.660298 14.666384 0.662989 -0.045090 0.011928 0.399492 0.915549
2.800000 -4.775743 14.813328 0.584418 -0.044851 0.008392 0.404169 0.913546
2.833333 -4.893597 14.957740 0.500536 -0.044074 0.005141 0.408860 0.911518
2.866667 -5.006414 15.102374 0.412571 -0.043417 0.001752 0.413444 0.909492
2.900000 -5.132868 15.245697 0.320146 -0.042641 -0.002521 0.418140 0.907378
2.933333 -5.252901 15.384809 0.225525 -0.041575 -0.006077 0.422683 0.905303
2.966667 -5.381407 15.530680 0.126780 -0.040633 -0.011219 0.427203 0.903173
3.000000 -5.500923 15.664092 0.028367 -0.038653 -0.014615 0.431568 0.901133
3.033333 -5.620990 15.797034 -0.077334 -0.037672 -0.019280 0.436046 0.898929
3.066667 -5.740836 15.928040 -0.181957 -0.036410 -0.023885 0.440468 0.896711
3.100000 -5.863332 16.059378 -0.282831 -0.035015 -0.028283 0.444993 0.894402
3.133333 -5.986144 16.187218 -0.376915 -0.033391 -0.031775 0.449378 0.892152
3.166667 -6.108312 16.312976 -0.468059 -0.031979 -0.035834 0.453737 0.889840
3.200000 -6.232212 16.434671 -0.554205 -0.029889 -0.038587 0.458025 0.887599
3.233333 -6.355967 16.555137 -0.634010 -0.027922 -0.041861 0.462351 0.885268
3.266667 -6.483065 16.673537 -0.705138 -0.026017 -0.045018 0.466630 0.882923
3.300000 -6.613181 16.789740 -0.769007 -0.023908 -0.048131 0.471019 0.880485
3.333333 -6.745098 16.901049 -0.822436 -0.021444 -0.051380 0.475309 0.878056
3.366667 -6.874894 17.012931 -0.868995 -0.019420 -0.054535 0.479671 0.875537
3.400000 -7.007594 17.123750 -0.901008 -0.017381 -0.057458 0.484016 0.872998
3.433333 -7.140920 17.235280 -0.930595 -0.015620 -0.061067 0.488397 0.870342
3.466667 -7.276418 17.342930 -0.946083 -0.013191 -0.064124 0.492743 0.867708
3.500000 -7.411320 17.448525 -0.948131 -0.010855 -0.067222 0.497041 0.865051
3.533333 -7.546731 17.550887 -0.937735 -0.008295 -0.069859 0.501320 0.862397
3.566667 -7.687183 17.657161 -0.924025 -0.006373 -0.073149 0.505712 0.859572
3.600000 -7.825999 17.758561 -0.896551 -0.003945 -0.075854 0.510035 0.856793
3.633333 -7.965888 17.857036 -0.861715 -0.001474 -0.078824 0.514298 0.853980
3.666667 -8.104712 17.948496 -0.812893 0.001202 -0.080806 0.518545 0.851223
3.700000 -8.243162 18.043028 -0.755923 0.003609 -0.083681 0.522754 0.848359
3.733333 -8.387659 18.133837 -0.690233 0.006256 -0.085857 0.527072 0.845449
3.766667 -8.529191 18.227118 -0.615796 0.009062 -0.088255 0.531306 0.842522
3.800000 -8.671073 18.315276 -0.534196 0.011547 -0.089616 0.535545 0.839659
3.833333 -8.817582 18.396723 -0.444769 0.014216 -0.091359 0.539808 0.836695
3.866667 -8.961077 18.481867 -0.350923 0.016427 -0.092255 0.544108 0.833766
3.900000 -9.111538 18.555786 -0.252740 0.019457 -0.094675 0.548342 0.830650
3.933333 -9.261129 18.629006 -0.151579 0.022093 -0.096445 0.552588 0.827561
3.966667 -9.408459 18.702862 -0.050506 0.024731 -0.097576 0.556814 0.824515
4.000000 -9.554844 18.771287 0.053849 0.027307 -0.098914 0.560989 0.821439
4.033333 -9.707310 18.832735 0.156623 0.029769 -0.099394 0.565306 0.818330
4.066667 -9.857392 18.899434 0.257006 0.032634 -0.100438 0.569540 0.815151
4.100000 -10.011527 18.957831 0.359692 0.034959 -0.102002 0.573782 0.811879
4.133333 -10.167402 19.018018 0.457023 0.037592 -0.102801 0.578085 0.808601
4.166667 -10.322460 19.077687 0.549028 0.040004 -0.102928 0.582403 0.805365
4.200000 -10.480035 19.133224 0.635899 0.042531 -0.103443 0.586729 0.802023
4.233333 -10.633271 19.195531 0.715055 0.045201 -0.104547 0.590787 0.798747
4.266667 -10.792426 19.246446 0.786807 0.047462 -0.104151 0.595261 0.795339
4.300000 -10.950178 19.294874 0.851377 0.049745 -0.104298 0.599582 0.791928
4.333333 -11.106468 19.343611 0.908139 0.052059 -0.104517 0.603772 0.788559
4.366667 -11.263747 19.388552 0.957983 0.054400 -0.104484 0.608097 0.785074
4.400000 -11.421589 19.433071 1.001497 0.056880 -0.104430 0.612268 0.781657
4.433333 -11.583157 19.478269 1.028028 0.059327 -0.104121 0.616569 0.778127
4.466667 -11.747531 19.519918 1.045778 0.061559 -0.103605 0.620905 0.774567
4.500000 -11.912711 19.560638 1.052090 0.063411 -0.103164 0.625247 0.770975
4.533333 -12.076654 19.603588 1.051733 0.065440 -0.102330 0.629489 0.767457
4.566667 -12.243783 19.637440 1.037190 0.067594 -0.101564 0.633883 0.763746
4.600000 -12.408447 19.672546 1.013186 0.069516 -0.100500 0.638140 0.760161
4.633333 -12.570272 19.711732 0.982388 0.071408 -0.099240 0.642342 0.756603
4.666667 -12.727540 19.747205 0.942974 0.073369 -0.097899 0.646417 0.753112
4.700000 -12.887450 19.779743 0.891318 0.075338 -0.096516 0.650584 0.749499
4.733333 -13.051660 19.812125 0.828032 0.076481 -0.095296 0.654842 0.745823
4.766667 -13.219519 19.834307 0.757452 0.078603 -0.095104 0.659012 0.741943
4.800000 -13.380208 19.864763 0.679001 0.079923 -0.092592 0.663171 0.738406
4.833333 -13.538723 19.893423 0.595198 0.081256 -0.090348 0.667216 0.734886
4.866667 -13.693087 19.920561 0.507457 0.082614 -0.087983 0.671121 0.731457
4.900000 -13.849257 19.938482 0.412495 0.083863 -0.086203 0.675153 0.727808
4.933333 -14.013915 19.954657 0.311795 0.085231 -0.084238 0.679170 0.724133
4.966667 -14.161870 19.969197 0.207800 0.085978 -0.081946 0.683158 0.720547
5.000000 -14.324347 19.985924 0.102817 0.086393 -0.078793 0.687209 0.716988
5.033333 -14.484038 19.991232 -0.001739 0.087389 -0.077171 0.691161 0.713235
5.066667 -14.643591 19.996930 -0.103632 0.088365 -0.074650 0.695118 0.709528
5.100000 -14.800728 19.999975 -0.203849 0.089009 -0.072055 0.699040 0.705853
5.133333 -14.949613 20.004687 -0.301077 0.089688 -0.068652 0.702783 0.702380
5.166667 -15.096309 20.002736 -0.397691 0.090088 -0.065866 0.706658 0.698699
5.200000 -15.253310 20.001412 -0.485750 0.089956 -0.063395 0.710556 0.694981
5.233333 -15.419606 19.995744 -0.567192 0.090052 -0.060814 0.714507 0.691139
5.266667 -15.584753 19.988038 -0.640343 0.089901 -0.057897 0.718425 0.687337
5.300000 -15.750950 19.978619 -0.705288 0.090184 -0.055660 0.722227 0.683489
5.333333 -15.895139 19.961242 -0.768582 0.089451 -0.051732 0.725867 0.680029
5.366667 -16.056433 19.944030 -0.816594 0.089120 -0.048664 0.729659 0.676230
5.400000 -16.214190 19.924769 -0.853200 0.088657 -0.045440 0.733357 0.672505
5.433333 -16.357036 19.902248 -0.883437 0.087667 -0.042260 0.736914 0.668944
5.466667 -16.509069 19.881434 -0.905683 0.087198 -0.038269 0.740413 0.665372
5.500000 -16.666361 19.854380 -0.917340 0.085876 -0.035576 0.744096 0.661575
5.533333 -16.834958 19.823760 -0.913914 0.085089 -0.033028 0.747738 0.657691
5.566667 -16.967513 19.795039 -0.911706 0.082391 -0.028925 0.751165 0.654314
5.600000 -17.124380 19.767793 -0.893259 0.080895 -0.025390 0.754618 0.650664
5.633333 -17.276135 19.731654 -0.862865 0.078585 -0.022025 0.758123 0.646984
5.666667 -17.421987 19.695764 -0.822446 0.075587 -0.018435 0.761476 0.643506
5.700000 -17.589019 19.661648 -0.768934 0.074613 -0.015015 0.765000 0.639517
5.733333 -17.752788 19.621640 -0.707790 0.072813 -0.012018 0.768496 0.635585
5.766667 -17.918920 19.576196 -0.638297 0.070774 -0.008760 0.771967 0.631650
5.800000 -18.079440 19.533878 -0.563153 0.068779 -0.006368 0.775360 0.627730
5.833333 -18.234306 19.488156 -0.483547 0.066114 -0.003915 0.778528 0.624106
5.866667 -18.379222 19.439698 -0.390878 0.063563 -0.000624 0.781741 0.620355
5.900000 -18.533250 19.390267 -0.297660 0.060910 0.001982 0.784874 0.616651
5.933333 -18.695935 19.339259 -0.202093 0.058931 0.004242 0.788205 0.612570
5.966667 -18.846645 19.281758 -0.101480 0.056154 0.007297 0.791258 0.608855
6.000000 -19.007397 19.222868 -0.000847 0.053909 0.010318 0.794533 0.604735
6.033333 -19.167449 19.162023 0.100588 0.050721 0.012116 0.797586 0.600947
6.066667 -19.321496 19.097857 0.202022 0.048285 0.014604 0.800696 0.596944
6.100000 -19.462329 19.029514 0.307864 0.045725 0.016500 0.803566 0.593228
6.133333 -19.613165 18.962619 0.404615 0.043135 0.018969 0.806603 0.589212
6.166667 -19.756580 18.891320 0.502963 0.040279 0.020807 0.809473 0.585405
6.200000 -19.897648 18.822270 0.596229 0.037583 0.023524 0.812387 0.581430
6.233333 -20.041128 18.748069 0.683411 0.034937 0.025884 0.815258 0.577464
6.266667 -20.188628 18.674498 0.761385 0.032158 0.028269 0.818178 0.573368
6.300000 -20.336650 18.597602 0.829203 0.029092 0.030161 0.821026 0.569351
6.333333 -20.474442 18.523858 0.888720 0.025969 0.032956 0.823795 0.565332
6.366667 -20.622192 18.444532 0.935024 0.023074 0.035469 0.826666 0.561099
6.400000 -20.768572 18.362585 0.971780 0.019948 0.037599 0.829463 0.556938
6.433333 -20.919018 18.276186 0.997966 0.016965 0.039742 0.832326 0.552599
6.466667 -21.066386 18.183412 1.015140 0.014426 0.040845 0.835149 0.548315
6.500000 -21.217367 18.101641 1.016723 0.010169 0.043238 0.837906 0.544004
6.533333 -21.366076 18.007335 1.013167 0.007046 0.044926 0.840685 0.539612
6.566667 -21.515409 17.915002 0.997373 0.003757 0.046717 0.843426 0.535198
6.600000 -21.660610 17.818037 0.970244 0.000832 0.048063 0.846148 0.530776
6.633333 -21.804016 17.726484 0.922154 -0.003289 0.049219 0.848699 0.526571
6.666667 -21.951670 17.631420 0.871642 -0.006579 0.051201 0.851381 0.522002
6.700000 -22.094963 17.532786 0.807446 -0.010328 0.051781 0.853940 0.517686
6.733333 -22.240853 17.431109 0.739116 -0.013752 0.052724 0.856567 0.513151
6.766667 -22.385530 17.327816 0.663308 -0.017080 0.053563 0.859166 0.508600
6.800000 -22.531464 17.223972 0.579487 -0.020111 0.054898 0.861717 0.504010
6.833333 -22.677477 17.116639 0.489375 -0.023806 0.055701 0.864276 0.499357
6.866667 -22.822916 17.005696 0.392754 -0.026776 0.055825 0.866876 0.494665
6.900000 -22.961020 16.895019 0.286326 -0.030170 0.056193 0.869323 0.490112
6.933333 -23.100606 16.780936 0.178647 -0.033400 0.056733 0.871806 0.485408
6.966667 -23.226516 16.672370 0.066853 -0.037257 0.057121 0.874063 0.481003
7.000000 -23.369166 16.554888 -0.042344 -0.040220 0.057671 0.876471 0.476294
7.033333 -23.505139 16.436969 -0.153106 -0.043298 0.057755 0.878869 0.471570
7.066667 -23.640250 16.317590 -0.263270 -0.046480 0.057620 0.881210 0.466893
7.100000 -23.773386 16.196374 -0.370947 -0.049511 0.057449 0.883523 0.462207
7.133333 -23.903124 16.073985 -0.474233 -0.052680 0.057151 0.885798 0.457515
7.166667 -24.037693 15.945267 -0.574099 -0.055917 0.057125 0.888053 0.452738
7.200000 -24.168085 15.818034 -0.665518 -0.057959 0.056389 0.890257 0.448223
7.233333 -24.295447 15.689957 -0.750644 -0.060823 0.055866 0.892501 0.443421
7.266667 -24.413794 15.563724 -0.824451 -0.063436 0.055612 0.894613 0.438806
7.300000 -24.523912 15.439689 -0.885271 -0.066276 0.055296 0.896659 0.434226
7.333333 -24.634566 15.309485 -0.937539 -0.069256 0.054865 0.898687 0.429599
7.366667 -24.755189 15.172169 -0.985133 -0.071936 0.054029 0.900801 0.424811
7.400000 -24.880500 15.032423 -1.025607 -0.074143 0.053050 0.902901 0.420070
7.433333 -25.005297 14.889901 -1.055010 -0.076360 0.051887 0.905086 0.415086
7.466667 -25.128113 14.744445 -1.073274 -0.078402 0.050887 0.907230 0.410120
7.500000 -25.246902 14.601825 -1.078331 -0.080410 0.049849 0.909322 0.405194
7.533333 -25.360784 14.460814 -1.068588 -0.082549 0.048781 0.911349 0.400312
7.566667 -25.484288 14.311380 -1.056630 -0.084773 0.047479 0.913439 0.395206
7.600000 -25.605396 14.159594 -1.034547 -0.086653 0.045833 0.915415 0.390393
7.633333 -25.726025 14.004741 -1.004639 -0.088579 0.044165 0.917496 0.385233
7.666667 -25.845150 13.848928 -0.965597 -0.090112 0.042588 0.919551 0.380120
7.700000 -25.955149 13.696556 -0.908797 -0.091655 0.040909 0.921492 0.375205
7.733333 -26.070616 13.539448 -0.850480 -0.092969 0.038934 0.923393 0.370386
7.766667 -26.179388 13.383513 -0.781156 -0.094328 0.037264 0.925327 0.365355
7.800000 -26.281300 13.230622 -0.696157 -0.095461 0.035648 0.927212 0.360409
7.833333 -26.391005 13.065514 -0.614251 -0.095736 0.032960 0.929011 0.355930
7.866667 -26.495507 12.907184 -0.521560 -0.097201 0.031168 0.930985 0.350497
7.900000 -26.601708 12.745936 -0.424219 -0.097930 0.029118 0.932872 0.345416
7.933333 -26.706058 12.584006 -0.324162 -0.098454 0.026270 0.934683 0.340563
7.966667 -26.799998 12.429328 -0.206579 -0.099054 0.024685 0.936474 0.335553
8.000000 -26.894227 12.272512 -0.087840 -0.099340 0.023016 0.938269 0.330534
8.033333 -26.996868 12.105894 0.016421 -0.099358 0.020376 0.940056 0.325588
8.066667 -27.088042 11.947704 0.129239 -0.099475 0.018727 0.941807 0.320553
8.100000 -27.184221 11.781192 0.232891 -0.099384 0.016702 0.943548 0.315534
8.133333 -27.282814 11.610219 0.327641 -0.099122 0.013922 0.945282 0.310522
8.166667 -27.374035 11.448915 0.427488 -0.098992 0.012323 0.946958 0.305483
8.200000 -27.467998 11.281409 0.516211 -0.098665 0.010211 0.948630 0.300437
8.233333 -27.566577 11.108147 0.595202 -0.098423 0.007997 0.950296 0.295273
8.266667 -27.662513 10.934006 0.667289 -0.097678 0.005648 0.951958 0.290177
8.300000 -27.755540 10.757430 0.731474 -0.096890 0.003373 0.953593 0.285062
8.333333 -27.848530 10.576583 0.785670 -0.095657 0.000852 0.955202 0.280067
8.366667 -27.927907 10.401935 0.839001 -0.094375 -0.001262 0.956783 0.275059
8.400000 -28.011864 10.229727 0.881929 -0.093084 -0.002917 0.958352 0.269977
8.433333 -28.097869 10.046073 0.907629 -0.091715 -0.005052 0.959918 0.264804
8.466667 -28.178424 9.867054 0.929912 -0.090237 -0.006963 0.961410 0.259808
8.500000 -28.258350 9.685479 0.938894 -0.088569 -0.008812 0.962904 0.254742
8.533333 -28.334253 9.495329 0.932671 -0.086906 -0.011621 0.964326 0.249775
8.566667 -28.410296 9.310660 0.919742 -0.084914 -0.013312 0.965773 0.244736
8.600000 -28.483944 9.133638 0.903454 -0.083096 -0.014637 0.967126 0.239893
8.633333 -28.558090 8.946052 0.864411 -0.081002 -0.016787 0.968498 0.234881
8.666667 -28.632119 8.758892 0.818317 -0.079081 -0.018483 0.969822 0.229890
8.700000 -28.706272 8.568918 0.759556 -0.076917 -0.020380 0.971154 0.224785
8.733333 -28.778184 8.379221 0.694999 -0.074726 -0.021984 0.972435 0.219778
8.766667 -28.846931 8.187074 0.619314 -0.072387 -0.024038 0.973680 0.214779
8.800000 -28.914622 7.993074 0.536628 -0.069851 -0.025698 0.974933 0.209683
8.833333 -28.984315 7.798391 0.449407 -0.067581 -0.027681 0.976110 0.204636
8.866667 -29.049350 7.603406 0.354376 -0.064662 -0.029479 0.977296 0.199605
8.900000 -29.113078 7.407872 0.254434 -0.062236 -0.031589 0.978404 0.194561
8.933333 -29.176670 7.212499 0.151239 -0.059727 -0.033225 0.979505 0.189469
8.966667 -29.237280 7.013806 0.048411 -0.056201 -0.035200 0.980592 0.184506
9.000000 -29.299723 6.817597 -0.048231 -0.052960 -0.036333 0.981635 0.179631
9.033333 -29.361283 6.621259 -0.148749 -0.049769 -0.037656 0.982652 0.174640
9.066667 -29.418725 6.425647 -0.243020 -0.046441 -0.038238 0.983655 0.169717
9.100000 -29.475809 6.227530 -0.341491 -0.043839 -0.039524 0.984561 0.164791
9.133333 -29.530932 6.030627 -0.435075 -0.039707 -0.040633 0.985495 0.159910
9.166667 -29.583080 5.830356 -0.526229 -0.035770 -0.041644 0.986388 0.155001
9.200000 -29.632384 5.628293 -0.609992 -0.032614 -0.042493 0.987230 0.150024
9.233333 -29.679691 5.423734 -0.692825 -0.029141 -0.043301 0.988053 0.145006
9.266667 -29.728652 5.218678 -0.766026 -0.025501 -0.043758 0.988862 0.139953
9.300000 -29.772429 5.012680 -0.833262 -0.022029 -0.044528 0.989600 0.134994
9.333333 -29.817756 4.807571 -0.891910 -0.018584 -0.045132 0.990321 0.129931
9.366667 -29.858210 4.602383 -0.941709 -0.014834 -0.045781 0.990993 0.124966
9.400000 -29.897383 4.395017 -0.978469 -0.011439 -0.046386 0.991634 0.119916
9.433333 -29.935090 4.186175 -1.005565 -0.007900 -0.046776 0.992259 0.114767
9.466667 -29.971637 3.978525 -1.021750 -0.004341 -0.047102 0.992839 0.109698
9.500000 -30.005346 3.769239 -1.028372 -0.000945 -0.047273 0.993398 0.104521
9.533333 -30.038568 3.564189 -1.016970 0.002719 -0.047030 0.993914 0.099579
9.566667 -30.070908 3.356479 -0.999573 0.006490 -0.047234 0.994380 0.094530
9.600000 -30.102842 3.149745 -0.971927 0.009921 -0.047253 0.994816 0.089501
9.633333 -30.136422 2.946919 -0.932896 0.013302 -0.047015 0.995218 0.084584
9.666667 -30.166025 2.744222 -0.884201 0.016740 -0.046765 0.995583 0.079668
9.700000 -30.195767 2.542413 -0.825700 0.020370 -0.046467 0.995912 0.074740
9.733333 -30.223989 2.339661 -0.758859 0.023704 -0.046245 0.996206 0.069807
9.766667 -30.250289 2.136121 -0.684328 0.027025 -0.045627 0.996485 0.064844
9.800000 -30.272762 1.931131 -0.605055 0.030304 -0.045202 0.996723 0.059844
9.833333 -30.289084 1.726804 -0.515745 0.033733 -0.045000 0.996912 0.054803
9.866667 -30.305860 1.525717 -0.415893 0.037600 -0.043558 0.997098 0.049847
9.900000 -30.322549 1.323068 -0.316594 0.040942 -0.042483 0.997249 0.044864
9.933333 -30.337791 1.118315 -0.214751 0.044004 -0.042184 0.997346 0.039807
9.966667 -30.354578 0.914820 -0.111007 0.047229 -0.040998 0.997435 0.034826
10.000000 -30.371642 0.712424 -0.010229 0.049922 -0.040166 0.997496 0.029924
10.033333 -30.376683 0.511170 0.096184 0.053192 -0.038964 0.997516 0.024799
10.066667 -30.383700 0.310836 0.205444 0.056779 -0.037210 0.997495 0.019882
10.100000 -30.388741 0.105461 0.312267 0.060086 -0.035489 0.997452 0.014847
10.133333 -30.393692 -0.096899 0.410142 0.062513 -0.033997 0.997417 0.009737
10.166667 -30.398412 -0.300009 0.502553 0.065599 -0.032607 0.997302 0.004774
10.200000 -30.398960 -0.505727 0.589646 0.068129 -0.031071 0.997192 -0.000528
10.233333 -30.396553 -0.714207 0.671206 0.070869 -0.029793 0.997022 -0.006122
10.266667 -30.395397 -0.926773 0.745775 0.073472 -0.028180 0.996834 -0.011405
10.300000 -30.393100 -1.135511 0.812369 0.075839 -0.026458 0.996630 -0.016646
10.333333 -30.387692 -1.341287 0.869900 0.078004 -0.024821 0.996401 -0.022024
10.366667 -30.380315 -1.547952 0.915810 0.080289 -0.023247 0.996128 -0.027236
10.400000 -30.371492 -1.756398 0.952822 0.082285 -0.021397 0.995847 -0.032558
10.433333 -30.356285 -1.967239 0.983164 0.084468 -0.019605 0.995505 -0.038097
10.466667 -30.345332 -2.173013 0.998843 0.086214 -0.017680 0.995180 -0.043257
10.500000 -30.332859 -2.383706 1.005635 0.087980 -0.015958 0.994812 -0.048513
10.533333 -30.317334 -2.586780 0.997525 0.089679 -0.014321 0.994412 -0.053826
10.566667 -30.301903 -2.790910 0.978737 0.091321 -0.012260 0.993994 -0.059038
10.600000 -30.285142 -2.994769 0.948962 0.092589 -0.010288 0.993574 -0.064284
10.633333 -30.269926 -3.210548 0.919974 0.093733 -0.008554 0.993110 -0.069805
10.666667 -30.248126 -3.430633 0.881992 0.095055 -0.006028 0.992609 -0.075200
10.700000 -30.223195 -3.637445 0.825290 0.096062 -0.003991 0.992096 -0.080632
10.733333 -30.198621 -3.847658 0.762398 0.096996 -0.001806 0.991567 -0.085930
10.766667 -30.170987 -4.051097 0.688280 0.098067 0.000123 0.990980 -0.091333
10.800000 -30.145178 -4.253929 0.608055 0.098290 0.002367 0.990463 -0.096525
10.833333 -30.116662 -4.457819 0.520724 0.098821 0.004285 0.989872 -0.101834
10.866667 -30.084640 -4.664473 0.429950 0.099166 0.006689 0.989260 -0.107169
10.900000 -30.051878 -4.864408 0.334586 0.099374 0.008718 0.988637 -0.112450
10.933333 -30.017212 -5.069940 0.237014 0.099626 0.010851 0.987966 -0.117813
10.966667 -29.981603 -5.270942 0.136898 0.099519 0.012944 0.987293 -0.123214
11.000000 -29.943680 -5.471059 0.036271 0.099223 0.015269 0.986620 -0.128464
11.033333 -29.909137 -5.672269 -0.064442 0.099078 0.017047 0.985886 -0.133873
11.066667 -29.870228 -5.879293 -0.162066 0.098955 0.019455 0.985108 -0.139257
11.100000 -29.827151 -6.078417 -0.257984 0.098269 0.021798 0.984355 -0.144611
11.133333 -29.782398 -6.278571 -0.351343 0.097709 0.023893 0.983559 -0.149981
11.166667 -29.736111 -6.477839 -0.443554 0.096729 0.026341 0.982752 -0.155394
11.200000 -29.686544 -6.676446 -0.530319 0.095800 0.028128 0.981929 -0.160771
11.233333 -29.636182 -6.874755 -0.610026 0.094495 0.030359 0.981082 -0.166213
11.266667 -29.580957 -7.070859 -0.681965 0.092731 0.032445 0.980261 -0.171574
11.300000 -29.531393 -7.273941 -0.755208 0.091781 0.033887 0.979344 -0.176957
11.333333 -29.476504 -7.469529 -0.810535 0.090191 0.035765 0.978431 -0.182371
11.366667 -29.417854 -7.665377 -0.856814 0.088517 0.037643 0.977497 -0.187745
11.400000 -29.361047 -7.862209 -0.898616 0.086731 0.039139 0.976571 -0.193014
11.433333 -29.303569 -8.056939 -0.927744 0.084849 0.040776 0.975615 -0.198275
11.466667 -29.249955 -8.252323 -0.947506 0.082764 0.042249 0.974665 -0.203451
11.500000 -29.188058 -8.443536 -0.953730 0.080926 0.043733 0.973639 -0.208723
11.533333 -29.128351 -8.636833 -0.955965 0.078271 0.044889 0.972700 -0.213805
11.566667 -29.065115 -8.823805 -0.940286 0.075783 0.046293 0.971692 -0.218924
11.600000 -29.003807 -9.009059 -0.915242 0.073264 0.047542 0.970678 -0.223958
11.633333 -28.936773 -9.195267 -0.878018 0.070829 0.048619 0.969586 -0.229177
11.666667 -28.868944 -9.380921 -0.831803 0.068134 0.049796 0.968504 -0.234262
11.700000 -28.802692 -9.564966 -0.777031 0.065697 0.051258 0.967367 -0.239284
11.733333 -28.730895 -9.745822 -0.712200 0.062658 0.051772 0.966276 -0.244344
11.766667 -28.658521 -9.925097 -0.638692 0.059923 0.052689 0.965102 -0.249422
11.800000 -28.588687 -10.103999 -0.557385 0.057163 0.053414 0.963919 -0.254438
11.833333 -28.516354 -10.281252 -0.471048 0.054186 0.054207 0.962718 -0.259420
11.866667 -28.446567 -10.457385 -0.375882 0.051261 0.054676 0.961516 -0.264328
11.900000 -28.372132 -10.631371 -0.277472 0.048185 0.055314 0.960288 -0.269193
11.933333 -28.300025 -10.803576 -0.172438 0.045275 0.055652 0.959044 -0.274021
11.966667 -28.221946 -10.977685 -0.067793 0.042227 0.056029 0.957750 -0.278914
12.000000 -28.145134 -11.148671 0.036729 0.038621 0.056237 0.956477 -0.283722
12.033333 -28.067321 -11.317868 0.142234 0.035333 0.056426 0.955171 -0.288471
12.066667 -27.982157 -11.484405 0.248214 0.031711 0.056964 0.953754 -0.293432
12.100000 -27.897234 -11.650631 0.353178 0.028984 0.057159 0.952316 -0.298307
12.133333 -27.803076 -11.816667 0.453393 0.025658 0.057698 0.950701 -0.303610
12.166667 -27.710990 -11.986456 0.548594 0.022432 0.057431 0.949198 -0.308580
12.200000 -27.618519 -12.155881 0.638349 0.019045 0.057427 0.947609 -0.313651
12.233333 -27.521851 -12.328941 0.720670 0.015937 0.056429 0.946092 -0.318545
12.266667 -27.427866 -12.490134 0.798079 0.012453 0.056389 0.944475 -0.323468
12.300000 -27.330692 -12.655480 0.866556 0.009107 0.055631 0.942876 -0.328340
12.333333 -27.233685 -12.812791 0.929922 0.005689 0.055562 0.941177 -0.333265
12.366667 -27.137861 -12.968482 0.982491 0.001920 0.054884 0.939541 -0.338004
12.400000 -27.041582 -13.131064 1.017313 -0.001478 0.054378 0.937807 -0.342869
12.433333 -26.943211 -13.284806 1.047211 -0.004490 0.053089 0.936161 -0.347511
12.466667 -26.845886 -13.441175 1.058539 -0.008515 0.052500 0.934366 -0.352323
12.500000 -26.744106 -13.596210 1.056803 -0.012006 0.050872 0.932654 -0.356967
12.533333 -26.641078 -13.747202 1.047824 -0.015378 0.049400 0.930879 -0.361646
12.566667 -26.539669 -13.905786 1.017575 -0.019127 0.047598 0.929062 -0.366350
12.600000 -26.434130 -14.055008 0.985344 -0.022375 0.045784 0.927240 -0.370983
12.633333 -26.326218 -14.204822 0.941842 -0.025652 0.043873 0.925361 -0.375664
12.666667 -26.222004 -14.355750 0.888953 -0.029104 0.042198 0.923418 -0.380357
12.700000 -26.111387 -14.504396 0.828521 -0.031972 0.039976 0.921508 -0.384972
12.733333 -25.997701 -14.652085 0.761038 -0.035109 0.038171 0.919491 -0.389674
12.766667 -25.884300 -14.794055 0.684833 -0.038285 0.036380 0.917427 -0.394384
12.800000 -25.765053 -14.942975 0.601826 -0.041225 0.034367 0.915315 -0.399145
12.833333 -25.649376 -15.087920 0.512058 -0.044295 0.032422 0.913158 -0.403893
12.866667 -25.527960 -15.231979 0.419107 -0.047020 0.030334 0.910988 -0.408619
12.900000 -25.406764 -15.371768 0.320869 -0.049852 0.028302 0.908769 -0.413344
12.933333 -25.286093 -15.507230 0.219066 -0.052568 0.026099 0.906543 -0.418014
12.966667 -25.164120 -15.641079 0.116602 -0.055202 0.023961 0.904281 -0.422675
13.000000 -25.041516 -15.770431 0.011965 -0.057800 0.021760 0.901989 -0.427319
13.033333 -24.919364 -15.897516 -0.093151 -0.060389 0.019517 0.899674 -0.431924
13.066667 -24.798565 -16.023771 -0.195912 -0.062834 0.017095 0.897367 -0.436455
13.100000 -24.675399 -16.150009 -0.296333 -0.064888 0.014571 0.895047 -0.440985
13.133333 -24.553560 -16.272931 -0.393266 -0.067282 0.012402 0.892667 -0.445494
13.166667 -24.431081 -16.392831 -0.485000 -0.069439 0.009994 0.890248 -0.450042
13.200000 -24.308099 -16.514481 -0.570869 -0.071475 0.007573 0.887833 -0.454518
13.233333 -24.181600 -16.632195 -0.651033 -0.073406 0.005179 0.885333 -0.459097
13.266667 -24.056773 -16.753745 -0.722787 -0.075162 0.002617 0.882844 -0.463606
13.300000 -23.929534 -16.869192 -0.785999 -0.077047 0.000345 0.880299 -0.468120
13.333333 -23.805695 -16.986081 -0.840544 -0.078851 -0.002365 0.877831 -0.472429
13.366667 -23.676155 -17.096917 -0.885915 -0.080062 -0.004819 0.875242 -0.476988
13.400000 -23.544792 -17.202354 -0.923919 -0.081261 -0.007463 0.872634 -0.481509
13.433333 -23.414117 -17.307737 -0.951241 -0.082590 -0.009925 0.870004 -0.485977
13.466667 -23.285890 -17.412029 -0.966743 -0.083579 -0.012637 0.867408 -0.490365
13.500000 -23.153734 -17.517218 -0.974174 -0.084613 -0.015206 0.864743 -0.494803
13.533333 -23.023875 -17.620599 -0.969493 -0.085457 -0.017859 0.862072 -0.499209
13.566667 -22.894204 -17.724370 -0.954057 0.086145 0.020440 -0.859398 0.503583
13.600000 -22.756387 -17.820879 -0.927014 0.086829 0.023191 -0.856611 0.508075
13.633333 -22.624271 -17.918494 -0.890225 0.088312 0.025492 -0.853812 0.512402
13.666667 -22.489035 -18.010285 -0.842233 0.088016 0.028136 -0.851074 0.516851
13.700000 -22.347525 -18.098125 -0.784549 0.088518 0.030503 -0.848145 0.521425
13.733333 -22.199855 -18.189397 -0.720564 0.088320 0.032976 -0.845180 0.526101
13.766667 -22.056766 -18.278262 -0.649514 0.088168 0.035516 -0.842258 0.530629
13.800000 -21.913899 -18.365334 -0.573104 0.088329 0.038207 -0.839307 0.535072
13.833333 -21.769987 -18.452292 -0.489688 0.088205 0.040608 -0.836308 0.539592
13.866667 -21.624813 -18.534778 -0.399630 0.087886 0.042991 -0.833304 0.544088
13.900000 -21.479051 -18.614041 -0.304143 0.087820 0.045169 -0.830244 0.548582
13.933333 -21.329951 -18.692912 -0.204187 0.087228 0.047312 -0.827163 0.553131
13.966667 -21.181964 -18.769464 -0.103188 0.086746 0.049492 -0.824061 0.557628
14.000000 -21.029639 -18.844215 0.001451 0.085780 0.051529 -0.820937 0.562183
14.033333 -20.879366 -18.917537 0.104686 0.084919 0.053476 -0.817787 0.566704
14.066667 -20.727211 -18.988012 0.204645 0.083864 0.055606 -0.814631 0.571184
14.100000 -20.574182 -19.058769 0.303994 0.082760 0.057608 -0.811453 0.575653
14.133333 -20.421168 -19.125507 0.400648 0.081510 0.059559 -0.808261 0.580107
14.166667 -20.268482 -19.190814 0.494407 0.080145 0.061397 -0.805064 0.584533
14.200000 -20.117167 -19.253493 0.586381 0.078898 0.062753 -0.801859 0.588947
14.233333 -19.965507 -19.314144 0.674729 0.077263 0.064316 -0.798647 0.593343
14.266667 -19.809020 -19.378020 0.749568 0.075883 0.066003 -0.795332 0.597773
14.300000 -19.651984 -19.439805 0.816605 0.073542 0.067315 -0.792118 0.602170
14.333333 -19.497688 -19.492725 0.879029 0.071747 0.068840 -0.788836 0.606507
14.366667 -19.348292 -19.546986 0.931193 0.070018 0.069625 -0.785626 0.610771
14.400000 -19.195399 -19.601137 0.970658 0.067900 0.070801 -0.782382 0.615025
14.433333 -19.057966 -19.644171 1.002868 0.066126 0.071244 -0.779300 0.619066
14.466667 -18.907506 -19.687621 1.022672 0.063759 0.072219 -0.776126 0.623175
14.500000 -18.765082 -19.730679 1.030954 0.061563 0.072781 -0.772998 0.627205
14.533333 -18.615345 -19.772713 1.026198 0.059511 0.073223 -0.769716 0.631375
14.566667 -18.466544 -19.813355 1.011004 0.056889 0.073965 -0.766522 0.635403
14.600000 -18.322110 -19.841685 0.986240 0.054249 0.074272 -0.763414 0.639327
14.633333 -18.178531 -19.881243 0.948146 0.052245 0.074242 -0.760148 0.643377
14.666667 -18.030753 -19.918477 0.901754 0.049653 0.074438 -0.756929 0.647343
14.700000 -17.878394 -19.949205 0.845976 0.046641 0.074512 -0.753712 0.651299
14.733333 -17.731745 -19.978838 0.778762 0.044269 0.074445 -0.750406 0.655278
14.766667 -17.583044 -20.009223 0.706846 0.041531 0.074220 -0.747132 0.659211
14.800000 -17.431854 -20.026144 0.626331 0.038265 0.073893 -0.743914 0.663074
14.833333 -17.282064 -20.053545 0.540884 0.035181 0.073469 -0.740624 0.666963
14.866667 -17.131539 -20.059946 0.445499 0.032224 0.073114 -0.737315 0.670807
14.900000 -16.983058 -20.074534 0.346755 0.029478 0.072779 -0.733946 0.674653
14.933333 -16.828130 -20.082069 0.248158 0.026094 0.071830 -0.730578 0.678540
14.966667 -16.676213 -20.095784 0.146898 0.023250 0.071203 -0.727179 0.682349
15.000000 -16.521022 -20.096898 0.043484 0.020096 0.070054 -0.723757 0.686195
15.033333 -16.366720 -20.101696 -0.059674 0.016939 0.069138 -0.720300 0.690001
15.066667 -16.209637 -20.090989 -0.162472 0.014194 0.068059 -0.716698 0.693910
15.100000 -16.053668 -20.089588 -0.262791 0.011012 0.067343 -0.713176 0.697656
15.133333 -15.894785 -20.077597 -0.359897 0.007707 0.066273 -0.709522 0.701518
15.166667 -15.736789 -20.071139 -0.453332 0.005143 0.064751 -0.705925 0.705302
15.200000 -15.577711 -20.057134 -0.541993 0.001791 0.063460 -0.702243 0.709101
15.233333 -15.414885 -20.043407 -0.624888 -0.000576 0.061941 -0.698512 0.712912
15.266667 -15.254340 -20.030382 -0.700916 -0.004029 0.061081 -0.694726 0.716665
15.300000 -15.087325 -20.019344 -0.769380 -0.006417 0.058792 -0.691021 0.720411
15.333333 -14.922196 -20.012427 -0.829571 -0.009329 0.057151 -0.687249 0.724110
15.366667 -14.757969 -19.995633 -0.880332 -0.012161 0.055348 -0.683449 0.727796
15.400000 -14.593959 -19.981900 -0.922118 -0.015053 0.053717 -0.679607 0.731452
15.433333 -14.425061 -19.965654 -0.957300 -0.017525 0.051529 -0.675722 0.735145
15.466667 -14.259413 -19.947581 -0.981115 -0.020122 0.049636 -0.671837 0.738760
15.500000 -14.090614 -19.922964 -0.995553 -0.022799 0.047628 -0.667876 0.742397
15.533333 -13.922204 -19.895976 -1.002182 -0.025195 0.045503 -0.663884 0.746025
15.566667 -13.754997 -19.870418 -1.000389 -0.027212 0.044155 -0.659785 0.749662
15.600000 -13.587239 -19.845771 -0.986421 -0.029776 0.041138 -0.655938 0.753104
15.633333 -13.422732 -19.814504 -0.961206 -0.032199 0.038790 -0.651968 0.756569
15.666667 -13.258606 -19.786733 -0.925826 -0.034615 0.036544 -0.647995 0.759979
15.700000 -13.095288 -19.751750 -0.881094 -0.036853 0.034153 -0.644001 0.763373
15.733333 -12.934687 -19.714975 -0.817051 -0.039170 0.031476 -0.640044 0.766694
15.766667 -12.773531 -19.676732 -0.748796 -0.041384 0.028736 -0.636034 0.770015
15.800000 -12.614390 -19.638337 -0.666463 -0.044123 0.026311 -0.632047 0.773225
15.833333 -12.455634 -19.599296 -0.583328 -0.045728 0.023240 -0.628096 0.776444
15.866667 -12.315604 -19.554909 -0.478078 -0.047683 0.019839 -0.624375 0.779415
15.900000 -12.179189 -19.509554 -0.372150 -0.049350 0.016305 -0.620691 0.782330
15.933333 -12.025605 -19.461760 -0.280019 -0.051145 0.013419 -0.616691 0.785427
15.966667 -11.893397 -19.405628 -0.151000 -0.053737 0.010123 -0.612956 0.788223
16.000000 -11.763466 -19.358217 -0.038691 -0.054625 0.006270 -0.609306 0.791027
16.033333 -11.633955 -19.306589 0.071453 -0.056131 0.002992 -0.605578 0.793799
16.066667 -11.510635 -19.253151 0.180616 -0.057591 -0.000295 -0.601912 0.796483
16.100000 -11.374844 -19.195886 0.281634 -0.058735 -0.003587 -0.598008 0.799327
16.133333 -11.227421 -19.125869 0.376844 -0.060738 -0.006119 -0.593820 0.802279
16.166667 -11.101162 -19.060343 0.483631 -0.061625 -0.010207 -0.589996 0.804986
16.200000 -10.949112 -18.999084 0.562742 -0.062623 -0.013212 -0.585638 0.808042
16.233333 -10.809117 -18.922571 0.643928 -0.063591 -0.016457 -0.581607 0.810814
16.266667 -10.670446 -18.850986 0.719612 -0.064283 -0.019795 -0.577475 0.813633
16.300000 -10.550117 -18.773268 0.806716 -0.065696 -0.023317 -0.573505 0.816231
16.333333 -10.426223 -18.704567 0.865915 -0.065808 -0.026730 -0.569614 0.818837
16.366667 -10.280141 -18.625574 0.907627 -0.066204 -0.029982 -0.565252 0.821711
16.400000 -10.135473 -18.546573 0.940266 -0.066637 -0.032848 -0.560889 0.824551
16.433333 -9.991702 -18.465925 0.965188 -0.066901 -0.035917 -0.556515 0.827361
16.466667 -9.845964 -18.382247 0.978279 -0.067828 -0.038583 -0.551941 0.830224
16.500000 -9.700116 -18.297534 0.976618 -0.067713 -0.041552 -0.547515 0.833016
16.533333 -9.570794 -18.216839 0.992681 -0.067368 -0.045089 -0.543401 0.835550
16.566667 -9.429453 -18.128542 0.971803 -0.067325 -0.047809 -0.538923 0.838298
16.600000 -9.290442 -18.038482 0.944104 -0.067649 -0.050432 -0.534388 0.841017
16.633333 -9.150734 -17.947062 0.898441 -0.067275 -0.053154 -0.529938 0.843691
16.666667 -9.014661 -17.857248 0.860254 -0.066854 -0.055955 -0.525519 0.846303
16.700000 -8.880837 -17.761482 0.803826 -0.066554 -0.058701 -0.520992 0.848936
16.733333 -8.746171 -17.667674 0.749109 -0.065737 -0.061486 -0.516593 0.851487
16.766667 -8.614044 -17.571362 0.670427 -0.065049 -0.064061 -0.512151 0.854029
16.800000 -8.482198 -17.471423 0.589501 -0.064956 -0.066153 -0.507545 0.856622
16.833333 -8.348457 -17.374286 0.509415 -0.063590 -0.068811 -0.503075 0.859149
16.866667 -8.219518 -17.276011 0.419423 -0.062586 -0.071165 -0.498645 0.861610
16.900000 -8.091716 -17.168193 0.328741 -0.061827 -0.073587 -0.494000 0.864133
16.933333 -7.951778 -17.058378 0.239855 -0.060519 -0.075909 -0.489365 0.866659
16.966667 -7.823883 -16.953306 0.135168 -0.059594 -0.077696 -0.484865 0.869090
17.000000 -7.701499 -16.847144 0.027350 -0.058714 -0.079492 -0.480234 0.871556
17.033333 -7.571984 -16.737272 -0.074364 -0.057336 -0.081282 -0.475661 0.873987
17.066667 -7.448495 -16.627704 -0.178297 -0.055861 -0.083004 -0.471122 0.876375
17.100000 -7.319123 -16.508179 -0.272140 -0.054767 -0.084805 -0.466213 0.878894
17.133333 -7.193859 -16.392656 -0.365415 -0.053074 -0.086321 -0.461603 0.881280
17.166667 -7.065695 -16.272493 -0.452521 -0.051340 -0.087881 -0.456869 0.883692
17.200000 -6.939184 -16.149008 -0.532473 -0.050446 -0.089152 -0.451883 0.886177
17.233333 -6.801568 -16.016625 -0.603760 -0.048453 -0.090566 -0.446975 0.888630
17.266667 -6.671855 -15.888186 -0.673838 -0.046626 -0.091685 -0.442116 0.891041
17.300000 -6.552891 -15.760383 -0.736484 -0.045503 -0.092554 -0.437151 0.893455
17.333333 -6.425100 -15.625212 -0.785237 -0.043296 -0.093554 -0.432253 0.895841
17.366667 -6.295877 -15.486509 -0.826041 -0.041027 -0.094584 -0.427310 0.898208
17.400000 -6.155560 -15.340582 -0.861504 -0.039049 -0.095253 -0.422114 0.900679
17.433333 -6.036706 -15.203502 -0.885353 -0.037482 -0.095597 -0.417139 0.903024
17.466667 -5.916477 -15.064953 -0.897918 -0.035218 -0.096057 -0.412266 0.905301
17.500000 -5.799705 -14.924461 -0.900400 -0.032835 -0.096443 -0.407425 0.907538
17.533333 -5.667423 -14.772546 -0.894727 -0.030157 -0.096693 -0.402240 0.909914
17.566667 -5.551443 -14.627060 -0.875743 -0.028108 -0.097184 -0.397367 0.912066
17.600000 -5.425171 -14.476181 -0.852680 -0.025573 -0.096423 -0.392207 0.914452
17.633333 -5.309243 -14.328000 -0.814545 -0.023009 -0.096210 -0.387117 0.916709
17.666667 -5.187727 -14.174214 -0.773192 -0.020340 -0.095813 -0.382126 0.918905
17.700000 -5.070301 -14.020352 -0.720880 -0.018177 -0.095028 -0.377112 0.921100
17.733333 -4.946025 -13.858325 -0.665055 -0.015945 -0.094134 -0.371972 0.923321
17.766667 -4.835367 -13.707269 -0.593468 -0.013256 -0.093209 -0.366536 0.925628
17.800000 -4.729332 -13.545200 -0.519441 -0.010630 -0.092447 -0.362121 0.927474
17.833333 -4.618987 -13.384883 -0.438588 -0.008366 -0.091343 -0.357183 0.929520
17.866667 -4.511776 -13.228670 -0.351719 -0.006085 -0.090111 -0.352202 0.931556
17.900000 -4.405336 -13.067258 -0.262679 -0.003673 -0.088549 -0.347361 0.933534
17.933333 -4.300642 -12.910284 -0.169785 -0.001355 -0.087033 -0.342586 0.935445
17.966667 -4.198338 -12.749595 -0.073073 0.001253 -0.085268 -0.337788 0.937351
18.000000 -4.094444 -12.589549 0.022754 0.003618 -0.083559 -0.332866 0.939258
18.033333 -3.995344 -12.429297 0.123632 0.006086 -0.081559 -0.328099 0.941096
18.066667 -3.895195 -12.269631 0.221921 0.008315 -0.079677 -0.323214 0.942929
18.100000 -3.796058 -12.103704 0.316847 0.010744 -0.077515 -0.318291 0.944758
18.133333 -3.695740 -11.938647 0.406858 0.014111 -0.075790 -0.313484 0.946459
18.166667 -3.596058 -11.770269 0.491609 0.014942 -0.072749 -0.308467 0.948331
18.200000 -3.503599 -11.605624 0.575614 0.016571 -0.070654 -0.303786 0.949972
18.233333 -3.408876 -11.434133 0.648896 0.018441 -0.068966 -0.298670 0.951683
18.266667 -3.314500 -11.262586 0.717589 0.020185 -0.065423 -0.294120 0.953313
18.300000 -3.228595 -11.095022 0.795118 0.022949 -0.063296 -0.289021 0.954952
18.333333 -3.141699 -10.921720 0.856791 0.024632 -0.060803 -0.284229 0.956509
18.366667 -3.054557 -10.746530 0.905460 0.026735 -0.058073 -0.279260 0.958085
18.400000 -2.976387 -10.574015 0.958667 0.029147 -0.055857 -0.274419 0.959544
18.433333 -2.893501 -10.397365 0.987067 0.031023 -0.052983 -0.269531 0.961032
18.466667 -2.814631 -10.218972 1.009119 0.032782 -0.050217 -0.264657 0.962476
18.500000 -2.734102 -10.039096 1.014053 0.034564 -0.047227 -0.259770 0.963895
18.533333 -2.655475 -9.857218 1.012734 0.035984 -0.044192 -0.254867 0.965295
18.566667 -2.576568 -9.673320 0.997666 0.037449 -0.041024 -0.249924 0.966671
18.600000 -2.498493 -9.489060 0.971924 0.038621 -0.037781 -0.245020 0.968011
18.633333 -2.420538 -9.304574 0.934859 0.039892 -0.034215 -0.240036 0.969340
18.666667 -2.346035 -9.115377 0.889244 0.041247 -0.031222 -0.235067 0.970602
18.700000 -2.271107 -8.925402 0.831245 0.042342 -0.027620 -0.230026 0.971871
18.733333 -2.194747 -8.736439 0.766755 0.043494 -0.024299 -0.225041 0.973075
18.766667 -2.123074 -8.544660 0.690610 0.044516 -0.020623 -0.220020 0.974261
18.800000 -2.052259 -8.352197 0.607795 0.045429 -0.017236 -0.214989 0.975407
18.833333 -1.981499 -8.160598 0.522429 0.046315 -0.013765 -0.210028 0.976501
18.866667 -1.910966 -7.968906 0.427467 0.047142 -0.010063 -0.205045 0.977565
18.900000 -1.846227 -7.775830 0.326492 0.047950 -0.006489 -0.200053 0.978590
18.933333 -1.781626 -7.582241 0.224298 0.048365 -0.002828 -0.195038 0.979598
18.966667 -1.718312 -7.386450 0.120485 0.048905 0.000748 -0.190007 0.980564
19.000000 -1.656365 -7.190809 0.016015 0.049318 0.004362 -0.184986 0.981493
19.033333 -1.594880 -6.994146 -0.087653 0.049734 0.007918 -0.180047 0.982368
19.066667 -1.538711 -6.795253 -0.191314 0.049892 0.011545 -0.174970 0.983241
19.100000 -1.481419 -6.596573 -0.291615 0.050128 0.015047 -0.169868 0.984076
19.133333 -1.426906 -6.398793 -0.389242 0.050068 0.018613 -0.164821 0.984876
19.166667 -1.372079 -6.202395 -0.482034 0.049881 0.022151 -0.159817 0.985637
19.200000 -1.316834 -6.003149 -0.569978 0.049827 0.025720 -0.154820 0.986350
19.233333 -1.265896 -5.801701 -0.652544 0.049656 0.029102 -0.149688 0.987057
19.266667 -1.216379 -5.602791 -0.728281 0.049183 0.032527 -0.144672 0.987721
19.300000 -1.167401 -5.402076 -0.797296 0.048829 0.035942 -0.139580 0.988353
19.333333 -1.121648 -5.204500 -0.855059 0.048239 0.039314 -0.134547 0.988951
19.366667 -1.074561 -5.002700 -0.906800 0.047776 0.042600 -0.129563 0.989503
19.400000 -1.032583 -4.802128 -0.945380 0.046870 0.045868 -0.124453 0.990056
19.433333 -0.992191 -4.601825 -0.970993 0.046285 0.048969 -0.119322 0.990566
19.466667 -0.953474 -4.401477 -0.986136 0.045422 0.052070 -0.114182 0.991054
19.500000 -0.914123 -4.196498 -0.992014 0.044308 0.055053 -0.109150 0.991510
19.533333 -0.877384 -3.993601 -0.985420 0.043256 0.057968 -0.103873 0.991957
19.566667 -0.839849 -3.785726 -0.972438 0.042063 0.060859 -0.098649 0.992369
19.600000 -0.808038 -3.579413 -0.945777 0.040740 0.063531 -0.093631 0.992742
19.633333 -0.776180 -3.376057 -0.905200 0.039567 0.066121 -0.088355 0.993104
19.666667 -0.743130 -3.164323 -0.859521 0.038263 0.068790 -0.083010 0.993435
19.700000 -0.720117 -2.957367 -0.799999 0.036829 0.071141 -0.077881 0.993739
19.733333 -0.695593 -2.756319 -0.730014 0.035417 0.073462 -0.072576 0.994023
19.766667 -0.673199 -2.543039 -0.657476 0.033665 0.075898 -0.067396 0.994265
19.800000 -0.652836 -2.333516 -0.574866 0.031959 0.077908 -0.061985 0.994518
19.833333 -0.632058 -2.118992 -0.486338 0.030081 0.079814 -0.056668 0.994743
19.866667 -0.617942 -1.917244 -0.384368 0.028908 0.081715 -0.051424 0.994908
19.900000 -0.600371 -1.704049 -0.284619 0.027138 0.083418 -0.046088 0.995078
19.933333 -0.584097 -1.493448 -0.183753 0.025186 0.085278 -0.040820 0.995202
19.966667 -0.568768 -1.286966 -0.078557 0.023459 0.086983 -0.035704 0.995293
