1403638522.827830 0.020021 0.005823 0.182206 0.818886 0.023182 0.570789 -0.055571
1403638522.927830 0.029133 0.008240 0.281812 0.813522 0.018126 0.577225 -0.068302
1403638523.027829 0.032726 0.004499 0.344561 0.809470 0.015135 0.582478 -0.072451
1403638523.127830 0.032800 -0.000630 0.366552 0.808014 0.015567 0.584520 -0.072164
1403638523.227829 0.030998 -0.006885 0.378587 0.806504 0.015363 0.587117 -0.067891
1403638523.327830 0.029832 -0.013368 0.360448 0.804182 0.014728 0.591315 -0.058486
1403638523.427830 0.028973 -0.018566 0.324073 0.805102 0.015405 0.590361 -0.055201
1403638523.527829 0.025681 -0.024606 0.278406 0.811896 0.019072 0.581419 -0.049127
1403638523.627830 0.019869 -0.032174 0.227782 0.822176 0.022914 0.567247 -0.041625
1403638523.727829 0.014115 -0.038218 0.179428 0.829177 0.025751 0.557181 -0.036757
1403638523.827830 0.007823 -0.043011 0.134334 0.831598 0.028396 0.553574 -0.034562
1403638523.927830 0.000951 -0.048373 0.094370 0.831197 0.032700 0.554340 -0.027368
1403638524.027829 -0.004079 -0.051496 0.070085 0.832669 0.040360 0.551985 -0.018606
1403638524.127830 -0.006767 -0.051417 0.071911 0.836963 0.047905 0.544959 -0.014749
1403638524.227829 -0.006139 -0.050120 0.108759 0.840260 0.050583 0.539466 -0.019519
1403638524.327830 -0.003253 -0.050161 0.158943 0.839086 0.050317 0.540951 -0.027833
1403638524.427830 0.002883 -0.049240 0.217008 0.834451 0.048091 0.547761 -0.036564
1403638524.527829 0.010411 -0.047835 0.277680 0.826252 0.047238 0.559763 -0.041740
1403638524.627830 0.019284 -0.045367 0.335257 0.818254 0.043576 0.571654 -0.042110
1403638524.727829 0.027632 -0.041269 0.382984 0.813281 0.038309 0.579675 -0.032916
1403638524.827830 0.033474 -0.036695 0.416102 0.810653 0.033280 0.584223 -0.020440
1403638524.927830 0.037760 -0.031866 0.434575 0.809554 0.033224 0.585595 -0.024412
1403638525.027829 0.037941 -0.029914 0.433922 0.807282 0.036759 0.588311 -0.028887
1403638525.127830 0.039123 -0.028559 0.409725 0.804860 0.040776 0.591545 -0.024719
1403638525.227829 0.039843 -0.028468 0.368470 0.805058 0.045850 0.590953 -0.023540
1403638525.327830 0.038518 -0.027491 0.316215 0.810916 0.050701 0.582450 -0.024431
1403638525.427830 0.034702 -0.028526 0.262675 0.822091 0.054283 0.565972 -0.029927
1403638525.527829 0.030838 -0.028847 0.212912 0.833475 0.055088 0.548402 -0.039238
1403638525.627830 0.028058 -0.030711 0.169990 0.839320 0.053371 0.539307 -0.042905
1403638525.727829 0.026804 -0.034022 0.135740 0.839886 0.049243 0.538923 -0.041572
1403638525.827830 0.026076 -0.034025 0.109467 0.836928 0.043336 0.544324 -0.037204
1403638525.927830 0.024441 -0.037036 0.092072 0.833931 0.040511 0.549660 -0.028149
1403638526.027829 0.021790 -0.050472 0.085234 0.834229 0.040159 0.549517 -0.021930
1403638526.127830 0.017040 -0.076819 0.091807 0.836797 0.033945 0.546117 -0.019374
1403638526.227829 0.013411 -0.109493 0.103492 0.837808 0.024555 0.545143 -0.017179
1403638526.327830 0.007601 -0.147331 0.117996 0.834937 0.016049 0.549930 -0.014138
1403638526.427830 -0.000516 -0.190382 0.131752 0.830107 0.006460 0.557443 -0.011765
1403638526.527829 -0.011070 -0.236997 0.142575 0.824952 -0.005192 0.565073 -0.010926
1403638526.627830 -0.022395 -0.290914 0.150012 0.819396 -0.014788 0.572974 -0.008517
1403638526.727829 -0.036014 -0.351602 0.155825 0.815320 -0.021965 0.578585 -0.003090
1403638526.827830 -0.051894 -0.416222 0.159886 0.813108 -0.025593 0.581504 0.007336
1403638526.927830 -0.069165 -0.478974 0.162996 0.814294 -0.029581 0.579578 0.011819
1403638527.027829 -0.085262 -0.538391 0.166001 0.818598 -0.039305 0.572748 0.017652
1403638527.127830 -0.098830 -0.592845 0.170412 0.822180 -0.054195 0.566062 0.025643
1403638527.227829 -0.108945 -0.638613 0.176492 0.821525 -0.068814 0.564967 0.034259
1403638527.327830 -0.114237 -0.670101 0.183517 0.816989 -0.080446 0.568913 0.048943
1403638527.427830 -0.112213 -0.683286 0.188473 0.812202 -0.086671 0.573477 0.062770
1403638527.527829 -0.105668 -0.674856 0.190442 0.810120 -0.089246 0.575298 0.069088
1403638527.627830 -0.092340 -0.643606 0.189401 0.810323 -0.088533 0.575088 0.069371
1403638527.727829 -0.077129 -0.598530 0.188079 0.811043 -0.081943 0.575444 0.066031
1403638527.827830 -0.062250 -0.546206 0.188880 0.813542 -0.076294 0.573690 0.056638
1403638527.927830 -0.044288 -0.489375 0.192386 0.816025 -0.071635 0.571996 0.042343
1403638528.027829 -0.022843 -0.430998 0.194253 0.815424 -0.065330 0.574039 0.035982
1403638528.127830 -0.002751 -0.372803 0.193408 0.814669 -0.057079 0.576486 0.026844
1403638528.227829 0.019866 -0.320361 0.189712 0.815969 -0.047154 0.575958 0.015600
1403638528.327830 0.048278 -0.276863 0.184199 0.816809 -0.036588 0.575731 0.004314
1403638528.427830 0.079718 -0.245824 0.178195 0.815409 -0.030812 0.578061 0.001909
1403638528.527829 0.114367 -0.224112 0.173197 0.816084 -0.030617 0.577110 0.003551
1403638528.627830 0.149293 -0.208052 0.170859 0.818198 -0.037804 0.573685 0.002809
1403638528.727829 0.181657 -0.197102 0.172149 0.818206 -0.043327 0.573273 0.004482
1403638528.827830 0.203342 -0.189698 0.177013 0.817072 -0.049240 0.574397 0.006140
1403638528.927830 0.208805 -0.183363 0.186923 0.816194 -0.056938 0.574965 -0.000257
1403638529.027829 0.198987 -0.174881 0.202818 0.816829 -0.061136 0.573602 -0.005863
1403638529.127830 0.174024 -0.162339 0.217171 0.817614 -0.057662 0.572853 0.004717
1403638529.227829 0.141483 -0.144070 0.221425 0.818907 -0.050293 0.571365 0.020101
1403638529.327830 0.105654 -0.123445 0.215759 0.822219 -0.045075 0.566704 0.027755
1403638529.427830 0.073146 -0.100206 0.198423 0.829939 -0.041272 0.555545 0.029467
1403638529.527829 0.045616 -0.084519 0.176386 0.841220 -0.039200 0.538663 0.025581
1403638529.627830 0.025066 -0.072478 0.152230 0.848646 -0.035854 0.527071 0.026648
1403638529.727829 0.012950 -0.064067 0.123721 0.848750 -0.033530 0.527089 0.026015
1403638529.827830 0.006544 -0.054977 0.102083 0.842719 -0.034418 0.536682 0.024745
1403638529.927830 0.001508 -0.047670 0.082516 0.837795 -0.034705 0.544336 0.024346
1403638530.027829 0.004337 -0.043886 0.069085 0.837481 -0.034954 0.544789 0.024666
1403638530.127830 0.014426 -0.042871 0.059262 0.839680 -0.037195 0.541237 0.024844
1403638530.227829 0.029063 -0.043932 0.049475 0.840229 -0.042972 0.539850 0.027020
1403638530.327830 0.043329 -0.046403 0.039400 0.839563 -0.049035 0.540311 0.028164
1403638530.427830 0.056122 -0.050126 0.030531 0.839029 -0.053075 0.540574 0.031496
1403638530.527829 0.066273 -0.054056 0.023998 0.838887 -0.056967 0.540533 0.029119
1403638530.627830 0.072091 -0.058177 0.019034 0.840149 -0.059463 0.538203 0.030845
1403638530.727829 0.075577 -0.060779 0.013799 0.844014 -0.061635 0.531856 0.031153
1403638530.827830 0.078124 -0.062744 0.008579 0.846101 -0.062216 0.528463 0.031131
1403638530.927830 0.080142 -0.063558 0.004719 0.845195 -0.061515 0.530130 0.028697
1403638531.027829 0.080668 -0.063391 0.002199 0.842513 -0.061282 0.534483 0.027267
1403638531.127830 0.080038 -0.062209 0.002016 0.838904 -0.059936 0.540157 0.029640
1403638531.227829 0.080616 -0.060950 0.001330 0.838623 -0.057189 0.540768 0.031792
1403638531.327830 0.080666 -0.059643 0.000460 0.834982 -0.057391 0.546310 0.032502
1403638531.427830 0.080619 -0.059803 0.000407 0.835821 -0.056878 0.545030 0.033323
1403638531.527829 0.080237 -0.059861 0.000476 0.835056 -0.057382 0.546177 0.032841
1403638531.627830 0.080164 -0.059942 0.000393 0.835229 -0.056373 0.545986 0.033394
1403638531.727829 0.080147 -0.059906 0.000326 0.835376 -0.056882 0.545708 0.033388
1403638531.827830 0.080195 -0.059901 0.000273 0.835396 -0.057037 0.545660 0.033391
1403638531.927830 0.080194 -0.059864 0.000229 0.835398 -0.057253 0.545638 0.033320
1403638532.027829 0.080201 -0.059836 0.000157 0.835440 -0.057436 0.545558 0.033286
1403638532.127830 0.080235 -0.059859 0.000126 0.835484 -0.057560 0.545475 0.033331
1403638532.227829 0.080159 -0.059900 0.000074 0.835657 -0.057527 0.545194 0.033639
1403638532.327830 0.080173 -0.059950 0.000052 0.835677 -0.057535 0.545152 0.033795
1403638532.427830 0.080138 -0.060000 0.000021 0.835762 -0.057545 0.545014 0.033924
1403638532.527829 0.080127 -0.060025 -0.000008 0.835811 -0.057640 0.544924 0.034002
1403638532.627830 0.080134 -0.060047 -0.000047 0.835853 -0.057735 0.544846 0.034059
1403638532.727829 0.080120 -0.060049 -0.000077 0.835853 -0.057823 0.544833 0.034111
1403638532.827830 0.080132 -0.060062 -0.000076 0.835858 -0.057918 0.544812 0.034167
1403638532.927830 0.080106 -0.060077 -0.000091 0.835862 -0.057939 0.544793 0.034319
1403638533.027829 0.080110 -0.060118 -0.000095 0.835843 -0.058029 0.544805 0.034447
1403638533.127830 0.080099 -0.060146 -0.000102 0.835842 -0.058113 0.544791 0.034551
1403638533.227829 0.080093 -0.060177 -0.000127 0.835819 -0.058206 0.544809 0.034673
1403638533.327830 0.080101 -0.060200 -0.000127 0.835790 -0.058291 0.544833 0.034829
1403638533.427830 0.080082 -0.060229 -0.000149 0.835774 -0.058394 0.544844 0.034888
1403638533.527829 0.080095 -0.060258 -0.000148 0.835745 -0.058483 0.544869 0.035040
1403638533.627830 0.080095 -0.060308 -0.000147 0.835722 -0.058546 0.544886 0.035221
1403638533.727829 0.080070 -0.060356 -0.000154 0.835712 -0.058735 0.544861 0.035524
1403638533.827830 0.080082 -0.060402 -0.000163 0.835647 -0.058878 0.544939 0.035612
1403638533.927830 0.080129 -0.060457 -0.000218 0.835657 -0.058937 0.544902 0.035851
1403638534.027829 0.080097 -0.060477 -0.000210 0.835602 -0.059143 0.544953 0.036010
1403638534.127830 0.080070 -0.060490 -0.000182 0.835648 -0.059301 0.544860 0.036101
1403638534.227829 0.080044 -0.060459 -0.000166 0.835635 -0.059336 0.544886 0.035947
1403638534.327830 0.080077 -0.060425 -0.000148 0.835684 -0.059262 0.544833 0.035737
1403638534.427830 0.080082 -0.060441 -0.000147 0.835732 -0.059378 0.544742 0.035818
1403638534.527829 0.080069 -0.060502 -0.000133 0.835738 -0.059666 0.544682 0.036096
1403638534.627830 0.080097 -0.060500 -0.000090 0.835786 -0.059333 0.544651 0.036016
1403638534.727829 0.080117 -0.060516 -0.000097 0.835782 -0.059155 0.544681 0.035949
1403638534.827830 0.080108 -0.060547 -0.000095 0.835736 -0.059305 0.544721 0.036150
1403638534.927830 0.080085 -0.060645 -0.000108 0.835706 -0.059670 0.544692 0.036677
1403638535.027829 0.080083 -0.060669 -0.000094 0.835725 -0.059634 0.544672 0.036618
1403638535.127830 0.080088 -0.060726 -0.000084 0.835726 -0.059742 0.544641 0.036862
1403638535.227829 0.080087 -0.060834 -0.000097 0.835650 -0.060043 0.544698 0.037260
1403638535.327830 0.080084 -0.060836 -0.000095 0.835668 -0.060068 0.544667 0.037254
1403638535.427830 0.080086 -0.060839 -0.000077 0.835644 -0.060089 0.544692 0.037417
1403638535.527829 0.080098 -0.060840 -0.000078 0.835626 -0.060156 0.544711 0.037420
1403638535.627830 0.080108 -0.060922 -0.000082 0.835579 -0.060370 0.544732 0.037823
1403638535.727829 0.080113 -0.060972 -0.000079 0.835542 -0.060542 0.544755 0.038033
1403638535.827830 0.080125 -0.061062 -0.000082 0.835484 -0.060755 0.544798 0.038355
1403638535.927830 0.080123 -0.061128 -0.000091 0.835445 -0.061014 0.544804 0.038692
1403638536.027829 0.080130 -0.061181 -0.000086 0.835424 -0.061121 0.544817 0.038803
1403638536.127830 0.080136 -0.061213 -0.000085 0.835401 -0.061254 0.544825 0.038964
1403638536.227829 0.080151 -0.061226 -0.000073 0.835401 -0.061270 0.544825 0.038948
1403638536.327830 0.080145 -0.061229 -0.000094 0.835338 -0.061251 0.544925 0.038939
1403638536.427830 0.080152 -0.061251 -0.000094 0.835292 -0.061378 0.544968 0.039114
1403638536.527829 0.080156 -0.061274 -0.000080 0.835296 -0.061374 0.544960 0.039145
1403638536.627830 0.080148 -0.061285 -0.000083 0.835225 -0.061537 0.545041 0.039283
1403638536.727829 0.080162 -0.061352 -0.000086 0.835178 -0.061636 0.545077 0.039614
1403638536.827830 0.080166 -0.061427 -0.000096 0.835131 -0.061834 0.545110 0.039851
1403638536.927830 0.080163 -0.061444 -0.000099 0.835118 -0.061834 0.545129 0.039846
1403638537.027829 0.080176 -0.061466 -0.000082 0.835125 -0.061895 0.545103 0.039976
1403638537.127830 0.080190 -0.061467 -0.000082 0.835087 -0.061906 0.545145 0.040193
1403638537.227829 0.080192 -0.061464 -0.000068 0.835091 -0.062012 0.545121 0.040250
1403638537.327830 0.080203 -0.061473 -0.000070 0.835053 -0.062038 0.545176 0.040269
1403638537.427830 0.080210 -0.061484 -0.000074 0.835024 -0.062055 0.545215 0.040312
1403638537.527829 0.080222 -0.061484 -0.000055 0.835021 -0.062056 0.545210 0.040427
1403638537.627830 0.080228 -0.061485 -0.000021 0.835022 -0.061983 0.545206 0.040579
1403638537.727829 0.080231 -0.061537 -0.000007 0.835068 -0.062060 0.545119 0.040680
1403638537.827830 0.080225 -0.061514 0.000008 0.835048 -0.062076 0.545148 0.040677
1403638537.927830 0.080245 -0.061524 -0.000003 0.834998 -0.062077 0.545224 0.040690
1403638538.027829 0.080231 -0.061540 0.000057 0.835071 -0.062120 0.545105 0.040732
1403638538.127830 0.080221 -0.061528 0.000065 0.834985 -0.062069 0.545233 0.040836
1403638538.227829 0.080248 -0.061524 0.000050 0.834979 -0.062108 0.545238 0.040858
1403638538.327830 0.080235 -0.061541 0.000036 0.834976 -0.062049 0.545246 0.040898
1403638538.427830 0.080298 -0.061501 0.000115 0.834864 -0.062082 0.545409 0.040948
1403638538.527829 0.080266 -0.061526 0.000198 0.834865 -0.062126 0.545405 0.040920
1403638538.627830 0.080212 -0.061552 0.000290 0.834683 -0.062204 0.545663 0.041081
1403638538.727829 0.080187 -0.061639 0.000411 0.834333 -0.062216 0.546176 0.041358
1403638538.827830 0.080971 -0.061518 0.000550 0.833785 -0.061819 0.547079 0.041064
1403638538.927830 0.083223 -0.061266 0.002225 0.830916 -0.061064 0.551501 0.041187
1403638539.027829 0.086511 -0.061135 0.005457 0.826262 -0.061619 0.558304 0.042312
1403638539.127830 0.092467 -0.061278 0.011315 0.819608 -0.062940 0.567893 0.042178
1403638539.227829 0.100199 -0.060948 0.023243 0.814816 -0.062234 0.574835 0.042034
1403638539.327830 0.107731 -0.060501 0.043704 0.813877 -0.061918 0.576233 0.041536
1403638539.427830 0.114978 -0.060233 0.071564 0.815478 -0.060847 0.574087 0.041442
1403638539.527829 0.122319 -0.060129 0.104626 0.817465 -0.059716 0.571400 0.041083
1403638539.627830 0.129939 -0.060303 0.137746 0.818145 -0.058792 0.570582 0.040229
1403638539.727829 0.137843 -0.060420 0.161387 0.818794 -0.057815 0.569792 0.039624
1403638539.827830 0.146740 -0.060139 0.174309 0.820419 -0.056499 0.567595 0.039446
1403638539.927830 0.157780 -0.059481 0.183788 0.824285 -0.055891 0.562117 0.038136
1403638540.027829 0.172131 -0.059383 0.192849 0.829705 -0.056485 0.554115 0.036830
1403638540.127830 0.191087 -0.059386 0.201473 0.835561 -0.056389 0.545278 0.036475
1403638540.227829 0.218062 -0.060177 0.210762 0.835501 -0.055153 0.545462 0.036989
1403638540.327830 0.252357 -0.061723 0.221893 0.829325 -0.054064 0.554861 0.037772
1403638540.427830 0.290186 -0.062228 0.232377 0.824777 -0.050091 0.562009 0.037134
1403638540.527829 0.353369 -0.071955 0.220593 0.824450 -0.041388 0.563536 0.031577
1403638540.627830 0.399049 -0.069943 0.226993 0.824782 -0.027498 0.564315 0.022940
1403638540.727829 0.447135 -0.066179 0.233829 0.824134 -0.006101 0.566135 0.016027
1403638540.827830 0.502947 -0.066701 0.235113 0.823659 0.020444 0.566676 0.006866
1403638540.927830 0.555565 -0.058599 0.237925 0.822856 0.048626 0.566145 -0.004898
1403638541.027829 0.608466 -0.045554 0.239152 0.821279 0.071261 0.565709 -0.019890
1403638541.127830 0.660980 -0.026691 0.237632 0.819053 0.087520 0.566100 -0.031994
1403638541.227829 0.714108 -0.004773 0.231784 0.818217 0.098469 0.565039 -0.039436
1403638541.327830 0.770697 0.015811 0.229530 0.817630 0.104579 0.564475 -0.043738
1403638541.427830 0.824357 0.046018 0.232310 0.817704 0.105775 0.563953 -0.046146
1403638541.527829 0.877714 0.080792 0.240467 0.816529 0.106542 0.565608 -0.044917
1403638541.627830 0.933163 0.122440 0.255831 0.814981 0.108844 0.567315 -0.045962
1403638541.727829 0.988796 0.170691 0.278199 0.813193 0.113133 0.568415 -0.053122
1403638541.827830 1.042694 0.224261 0.307281 0.812192 0.119549 0.567255 -0.065374
1403638541.927830 1.093650 0.283063 0.341576 0.811190 0.131058 0.564672 -0.077067
1403638542.027829 1.143862 0.343009 0.369905 0.809535 0.146706 0.561243 -0.090203
1403638542.127830 1.193754 0.403367 0.392151 0.806716 0.165972 0.557560 -0.103871
1403638542.227829 1.242568 0.464931 0.407366 0.802910 0.187027 0.553110 -0.120107
1403638542.327830 1.291093 0.527697 0.417128 0.797853 0.210696 0.548518 -0.134778
1403638542.427830 1.340194 0.592085 0.423105 0.786675 0.231301 0.553755 -0.144904
1403638542.527829 1.387545 0.655158 0.428728 0.773238 0.250862 0.563782 -0.146018
1403638542.627830 1.430045 0.722978 0.431931 0.764871 0.265600 0.569084 -0.143432
1403638542.727829 1.461599 0.789315 0.438772 0.765316 0.270416 0.564966 -0.148254
1403638542.827830 1.484883 0.858993 0.452568 0.769906 0.268042 0.557030 -0.158481
1403638542.927830 1.504915 0.934769 0.474124 0.775351 0.264797 0.549159 -0.164737
1403638543.027829 1.520468 1.011609 0.502213 0.779300 0.262087 0.543872 -0.167946
1403638543.127830 1.535063 1.090090 0.528534 0.781552 0.258916 0.541525 -0.169972
1403638543.227829 1.549056 1.168716 0.551074 0.782360 0.257377 0.541261 -0.169429
1403638543.327830 1.561891 1.244212 0.564430 0.782993 0.255235 0.541241 -0.169808
1403638543.427830 1.577399 1.325162 0.574551 0.782977 0.256661 0.540235 -0.170933
1403638543.527829 1.590893 1.406362 0.584835 0.781206 0.263861 0.538046 -0.174932
1403638543.627830 1.605546 1.489392 0.586420 0.776696 0.279441 0.534973 -0.180168
1403638543.727829 1.619111 1.574641 0.591181 0.769803 0.298845 0.531190 -0.189558
1403638543.827830 1.631521 1.662760 0.600368 0.760023 0.321876 0.528178 -0.199470
1403638543.927830 1.642772 1.751988 0.618295 0.750610 0.342457 0.523042 -0.213858
1403638544.027829 1.652590 1.835243 0.640056 0.744080 0.357069 0.516201 -0.228875
1403638544.127830 1.664408 1.922208 0.663426 0.740586 0.366428 0.509216 -0.240753
1403638544.227829 1.678133 2.011589 0.683198 0.737758 0.370791 0.505538 -0.250316
1403638544.327830 1.693533 2.100339 0.695636 0.736043 0.373977 0.503486 -0.254723
1403638544.427830 1.710242 2.192123 0.702850 0.736654 0.375150 0.501184 -0.255769
1403638544.527829 1.727888 2.282086 0.710180 0.735903 0.375255 0.502649 -0.254899
1403638544.627830 1.745894 2.373644 0.717759 0.730582 0.374667 0.508564 -0.259299
1403638544.727829 1.763302 2.462366 0.731554 0.726030 0.374944 0.512917 -0.263084
1403638544.827830 1.779190 2.552556 0.750142 0.727752 0.376915 0.509566 -0.262020
1403638544.927830 1.794218 2.642457 0.762786 0.730603 0.378375 0.504948 -0.260921
1403638545.027829 1.810870 2.729735 0.768567 0.729900 0.378747 0.504838 -0.262556
1403638545.127830 1.825976 2.818555 0.770985 0.728824 0.378964 0.505756 -0.263462
1403638545.227829 1.842498 2.905140 0.764785 0.729035 0.380757 0.504661 -0.262391
1403638545.327830 1.857548 2.991620 0.756047 0.726897 0.381295 0.506967 -0.263096
1403638545.427830 1.875904 3.082228 0.741032 0.725907 0.380448 0.508039 -0.264980
1403638545.527829 1.893517 3.172688 0.725948 0.724615 0.383926 0.505699 -0.267959
1403638545.627830 1.907099 3.257985 0.718779 0.721026 0.392873 0.500078 -0.275126
1403638545.727829 1.923446 3.342631 0.714116 0.714758 0.407020 0.493107 -0.283377
1403638545.827830 1.939736 3.425467 0.719392 0.704243 0.425541 0.486553 -0.293637
1403638545.927830 1.955146 3.509799 0.730820 0.692584 0.446769 0.477842 -0.303961
1403638546.027829 1.971222 3.595871 0.748555 0.680348 0.467419 0.470132 -0.312445
1403638546.127830 1.989326 3.686735 0.763925 0.669702 0.483506 0.464955 -0.318651
1403638546.227829 2.005806 3.780053 0.772747 0.663337 0.492768 0.459401 -0.325752
1403638546.327830 2.021294 3.874074 0.774686 0.660171 0.497535 0.454535 -0.331708
1403638546.427830 2.035547 3.969865 0.771327 0.659816 0.498651 0.450312 -0.336465
1403638546.527829 2.048918 4.063669 0.764447 0.658768 0.500486 0.448946 -0.337619
1403638546.627830 2.061551 4.160282 0.761430 0.655009 0.505524 0.447222 -0.339708
1403638546.727829 2.073542 4.258380 0.766242 0.650131 0.511315 0.444951 -0.343374
1403638546.827830 2.085141 4.360920 0.781661 0.645737 0.517149 0.443918 -0.344263
1403638546.927830 2.094578 4.465286 0.800173 0.642662 0.521347 0.443306 -0.344475
1403638547.027829 2.103338 4.570281 0.813216 0.639562 0.525211 0.444341 -0.343039
1403638547.127830 2.108866 4.676842 0.818740 0.636878 0.529150 0.446194 -0.339555
1403638547.227829 2.112071 4.784961 0.820709 0.635588 0.531187 0.447126 -0.337560
1403638547.327830 2.109242 4.894525 0.816349 0.634723 0.531927 0.448426 -0.336295
1403638547.427830 2.101275 4.997859 0.811006 0.637962 0.528118 0.444302 -0.341603
1403638547.527829 2.092021 5.106282 0.802562 0.641228 0.524084 0.440645 -0.346403
1403638547.627830 2.080358 5.218852 0.785976 0.643500 0.521442 0.438703 -0.348634
1403638547.727829 2.070980 5.334507 0.767593 0.643866 0.521073 0.439729 -0.347215
1403638547.827830 2.053945 5.446420 0.741191 0.641677 0.523326 0.443498 -0.343061
1403638547.927830 2.040183 5.564920 0.716322 0.641479 0.523303 0.444137 -0.342637
1403638548.027829 2.017840 5.657923 0.697318 0.640713 0.524512 0.442535 -0.344292
1403638548.127830 1.996721 5.780422 0.685316 0.638051 0.528362 0.439162 -0.347651
1403638548.227829 1.972407 5.898366 0.683768 0.632646 0.535144 0.433797 -0.353836
1403638548.327830 1.947454 6.022755 0.688238 0.624769 0.544913 0.426749 -0.361412
1403638548.427830 1.920841 6.148844 0.701038 0.615208 0.557214 0.418640 -0.368474
1403638548.527829 1.897862 6.277847 0.720080 0.606650 0.566011 0.412180 -0.376451
1403638548.627830 1.871426 6.406004 0.730662 0.599442 0.572991 0.408314 -0.381614
1403638548.727829 1.849627 6.535011 0.743441 0.594892 0.577709 0.404721 -0.385431
1403638548.827830 1.826697 6.654854 0.754948 0.591919 0.580941 0.402088 -0.387898
1403638548.927830 1.801976 6.778659 0.773532 0.590223 0.582318 0.400687 -0.389863
1403638549.027829 1.775075 6.908464 0.795645 0.589547 0.584131 0.399922 -0.388958
1403638549.127830 1.749753 7.030038 0.826095 0.589957 0.582730 0.399106 -0.391267
1403638549.227829 1.722883 7.156785 0.860701 0.590004 0.582278 0.399293 -0.391679
1403638549.327830 1.695962 7.288923 0.899643 0.591200 0.580421 0.398661 -0.393274
1403638549.427830 1.669981 7.415794 0.942767 0.592460 0.577951 0.397974 -0.395702
1403638549.527829 1.644768 7.547271 0.979951 0.593742 0.576520 0.397358 -0.396485
1403638549.627830 1.619700 7.681061 1.009847 0.592949 0.574621 0.399320 -0.398455
1403638549.727829 1.597507 7.814014 1.038037 0.592419 0.574562 0.401344 -0.397293
1403638549.827830 1.575131 7.947124 1.067906 0.594076 0.574123 0.399370 -0.397443
1403638549.927830 1.554671 8.083198 1.106740 0.594902 0.574954 0.398887 -0.395486
1403638550.027829 1.534990 8.223239 1.153139 0.595890 0.574303 0.397698 -0.396141
1403638550.127830 1.516457 8.366025 1.207843 0.596813 0.573816 0.395959 -0.397197
1403638550.227829 1.499789 8.508525 1.269967 0.596649 0.574556 0.395380 -0.396951
1403638550.327830 1.482888 8.654702 1.337312 0.595761 0.575309 0.396283 -0.396294
1403638550.427830 1.468366 8.800098 1.401605 0.595298 0.574405 0.396117 -0.398460
1403638550.527829 1.454779 8.945382 1.459296 0.596556 0.572874 0.393896 -0.400977
1403638550.627830 1.444288 9.091150 1.509616 0.595856 0.569761 0.394764 -0.405574
1403638550.727829 1.436779 9.234813 1.556185 0.594631 0.566858 0.396412 -0.409810
1403638550.827830 1.433805 9.377007 1.597617 0.592405 0.564114 0.400070 -0.413250
1403638550.927830 1.434665 9.515601 1.637140 0.587945 0.559331 0.406856 -0.419449
1403638551.027829 1.437104 9.651052 1.668381 0.584793 0.555521 0.411193 -0.424658
1403638551.127830 1.441578 9.779261 1.696748 0.583878 0.553112 0.412396 -0.427882
1403638551.227829 1.451704 9.896288 1.733847 0.584277 0.551142 0.410549 -0.431639
1403638551.327830 1.465631 10.006058 1.770048 0.588707 0.550177 0.408392 -0.428887
1403638551.427830 1.484721 10.108489 1.805223 0.599205 0.543562 0.408103 -0.423020
1403638551.527829 1.512249 10.220068 1.844038 0.613880 0.530742 0.410651 -0.415729
1403638551.627830 1.544736 10.332282 1.877218 0.630317 0.512733 0.414813 -0.409555
1403638551.727829 1.586791 10.429807 1.904249 0.645490 0.494234 0.421633 -0.401622
1403638551.827830 1.638286 10.532647 1.926960 0.658888 0.476293 0.430587 -0.391926
1403638551.927830 1.697376 10.625051 1.947831 0.665632 0.465406 0.442800 -0.379816
1403638552.027829 1.762899 10.708790 1.974526 0.667400 0.459115 0.455590 -0.369091
1403638552.127830 1.831891 10.782130 2.006539 0.670406 0.455227 0.461264 -0.361330
1403638552.227829 1.904196 10.848232 2.043396 0.675343 0.453141 0.459749 -0.356659
1403638552.327830 1.979869 10.908179 2.082709 0.678001 0.451884 0.458664 -0.354602
1403638552.427830 2.059675 10.966228 2.118482 0.676465 0.446883 0.461360 -0.360330
1403638552.527829 2.144491 11.011054 2.150107 0.672855 0.442204 0.465646 -0.367281
1403638552.627830 2.231406 11.047995 2.174988 0.669322 0.440802 0.469252 -0.370815
1403638552.727829 2.321021 11.075018 2.192636 0.668502 0.442723 0.468735 -0.370660
1403638552.827830 2.409153 11.088406 2.203570 0.667293 0.445784 0.468573 -0.369373
1403638552.927830 2.504982 11.103652 2.210565 0.665827 0.451502 0.468285 -0.365418
1403638553.027829 2.603701 11.111365 2.214691 0.663490 0.457573 0.469426 -0.360621
1403638553.127830 2.702372 11.115801 2.214312 0.660507 0.459997 0.470901 -0.361091
1403638553.227829 2.801588 11.113805 2.212734 0.655374 0.456380 0.475232 -0.369266
1403638553.327830 2.901160 11.104523 2.213702 0.649488 0.454931 0.480882 -0.374105
1403638553.427830 2.999497 11.084458 2.220359 0.644238 0.457786 0.486867 -0.371954
1403638553.527829 3.095795 11.054384 2.232962 0.639763 0.461219 0.491941 -0.368747
1403638553.627830 3.188612 11.009424 2.249525 0.636782 0.463913 0.495463 -0.365801
1403638553.727829 3.277178 10.954068 2.273452 0.636432 0.465896 0.495232 -0.364197
1403638553.827830 3.364327 10.891046 2.304293 0.637791 0.467867 0.493235 -0.361998
1403638553.927830 3.446848 10.817175 2.338750 0.639586 0.469197 0.491154 -0.359932
1403638554.027829 3.529729 10.743771 2.374655 0.644202 0.468989 0.484966 -0.360363
1403638554.127830 3.601123 10.655902 2.400333 0.645991 0.470700 0.482661 -0.358016
1403638554.227829 3.681099 10.577082 2.426674 0.651097 0.476934 0.475694 -0.349745
1403638554.327830 3.749217 10.484440 2.440859 0.655618 0.482248 0.469243 -0.342655
1403638554.427830 3.825047 10.404744 2.458840 0.658054 0.485310 0.465335 -0.338973
1403638554.527829 3.893344 10.323158 2.471651 0.658825 0.486692 0.463951 -0.337386
1403638554.627830 3.957929 10.241255 2.480670 0.660617 0.485250 0.460856 -0.340190
1403638554.727829 4.019329 10.154571 2.491758 0.661478 0.481529 0.459292 -0.345873
1403638554.827830 4.082142 10.074155 2.509941 0.662293 0.478864 0.457480 -0.350383
1403638554.927830 4.145048 9.990968 2.530270 0.662545 0.476306 0.457213 -0.353729
1403638555.027829 4.209246 9.907536 2.547081 0.664299 0.472006 0.458864 -0.354064
1403638555.127830 4.277710 9.829540 2.560820 0.668916 0.467154 0.461879 -0.347831
1403638555.227829 4.345445 9.743237 2.565453 0.675750 0.458854 0.464744 -0.341800
1403638555.327830 4.416196 9.662266 2.570210 0.681021 0.452002 0.468092 -0.335849
1403638555.427830 4.489325 9.577426 2.570819 0.683221 0.449146 0.473086 -0.328126
1403638555.527829 4.561221 9.492533 2.566025 0.685305 0.445546 0.475499 -0.325187
1403638555.627830 4.633548 9.407770 2.563269 0.686358 0.444088 0.476939 -0.322843
1403638555.727829 4.704853 9.321608 2.568289 0.687843 0.442762 0.475828 -0.323143
1403638555.827830 4.775240 9.234711 2.583151 0.688184 0.443925 0.475265 -0.321646
1403638555.927830 4.844934 9.147245 2.601292 0.687879 0.445456 0.475217 -0.320249
1403638556.027829 4.916001 9.068262 2.627099 0.686733 0.446839 0.476232 -0.319273
1403638556.127830 4.986887 8.987554 2.652383 0.688724 0.447928 0.473165 -0.318017
1403638556.227829 5.058296 8.912451 2.671038 0.693348 0.449170 0.466638 -0.315856
1403638556.327830 5.130801 8.835191 2.684842 0.695938 0.449795 0.462811 -0.314898
1403638556.427830 5.204346 8.769514 2.697105 0.697941 0.450511 0.459821 -0.313819
1403638556.527829 5.280397 8.703251 2.707439 0.701486 0.451835 0.455006 -0.311016
1403638556.627830 5.356567 8.650479 2.718743 0.704641 0.448039 0.450989 -0.315199
1403638556.727829 5.435542 8.604232 2.733302 0.704285 0.441937 0.452298 -0.322647
1403638556.827830 5.520435 8.550775 2.756259 0.701450 0.437559 0.456463 -0.328863
1403638556.927830 5.609643 8.508021 2.785149 0.700173 0.434124 0.458339 -0.333495
1403638557.027829 5.704845 8.463816 2.812241 0.698927 0.433512 0.459970 -0.334660
1403638557.127830 5.806321 8.417660 2.832314 0.697161 0.435793 0.462231 -0.332255
1403638557.227829 5.911109 8.365319 2.846124 0.695780 0.436871 0.464000 -0.331267
1403638557.327830 6.019639 8.314058 2.855224 0.694883 0.438107 0.465007 -0.330103
1403638557.427830 6.131657 8.270660 2.861387 0.692885 0.441152 0.467443 -0.326790
1403638557.527829 6.244489 8.224062 2.873325 0.690133 0.445534 0.471325 -0.321043
1403638557.627830 6.356455 8.176998 2.890949 0.687935 0.448033 0.474412 -0.317718
1403638557.727829 6.466940 8.132854 2.913163 0.687275 0.448756 0.475449 -0.316575
1403638557.827830 6.575232 8.089702 2.933515 0.687031 0.449541 0.476387 -0.314575
1403638557.927830 6.681512 8.046990 2.947294 0.687320 0.451236 0.476216 -0.311761
1403638558.027829 6.786261 8.005260 2.953896 0.690005 0.452279 0.472381 -0.310150
1403638558.127830 6.890226 7.964148 2.956219 0.695092 0.453189 0.465307 -0.308150
1403638558.227829 6.994817 7.927091 2.959712 0.701319 0.454483 0.456523 -0.305261
1403638558.327830 7.102023 7.895754 2.971226 0.703017 0.456836 0.454288 -0.301148
1403638558.427830 7.209719 7.871467 2.993627 0.705416 0.460421 0.450925 -0.295072
1403638558.527829 7.318129 7.854987 3.022666 0.708603 0.461964 0.446525 -0.291697
1403638558.627830 7.432251 7.846932 3.059065 0.709828 0.458053 0.445356 -0.296630
1403638558.727829 7.545920 7.849101 3.098062 0.710387 0.450180 0.445436 -0.307043
1403638558.827830 7.666263 7.856857 3.133870 0.709856 0.445943 0.446741 -0.312507
1403638558.927830 7.787601 7.869013 3.160304 0.706738 0.445310 0.451758 -0.313265
1403638559.027829 7.912189 7.885761 3.179825 0.701622 0.445191 0.459378 -0.313852
1403638559.127830 8.037412 7.906124 3.191856 0.697845 0.444923 0.464677 -0.314851
1403638559.227829 8.162752 7.928827 3.197558 0.694566 0.446483 0.468761 -0.313837
1403638559.327830 8.287203 7.953780 3.195846 0.692208 0.448566 0.471451 -0.312042
1403638559.427830 8.409406 7.979150 3.188553 0.689557 0.452247 0.474556 -0.307865
1403638559.527829 8.526504 8.005713 3.176765 0.687668 0.453696 0.476821 -0.306454
1403638559.627830 8.640137 8.033334 3.160641 0.685964 0.454255 0.478591 -0.306685
1403638559.727829 8.751533 8.062232 3.144655 0.685051 0.454817 0.479137 -0.307042
1403638559.827830 8.859702 8.092758 3.133775 0.685611 0.454835 0.477509 -0.308298
1403638559.927830 8.965627 8.125552 3.127946 0.686699 0.452294 0.478224 -0.308507
1403638560.027829 9.072350 8.158108 3.117644 0.692555 0.442848 0.480586 -0.305436
1403638560.127830 9.176340 8.189906 3.100538 0.701588 0.427096 0.486335 -0.298063
1403638560.227829 9.280373 8.222283 3.077325 0.712223 0.407505 0.494621 -0.286407
1403638560.327830 9.381236 8.253730 3.051618 0.721306 0.384592 0.506431 -0.274471
1403638560.427830 9.479654 8.283849 3.023825 0.729420 0.359895 0.519134 -0.262530
1403638560.527829 9.578029 8.311501 2.993739 0.737554 0.334384 0.530794 -0.249918
1403638560.627830 9.673023 8.336180 2.957699 0.747865 0.306435 0.537899 -0.239708
1403638560.727829 9.762317 8.355119 2.920790 0.758065 0.278890 0.541781 -0.232443
1403638560.827830 9.847531 8.366221 2.890248 0.765406 0.255801 0.547215 -0.221980
1403638560.927830 9.932400 8.371218 2.866952 0.771082 0.233123 0.553452 -0.211609
1403638561.027829 10.014781 8.367605 2.852478 0.773496 0.213312 0.562824 -0.198572
1403638561.127830 10.093879 8.355658 2.844701 0.775874 0.194014 0.570485 -0.186881
1403638561.227829 10.168914 8.336030 2.843163 0.776914 0.178431 0.577049 -0.177714
1403638561.327830 10.238897 8.309736 2.848354 0.778439 0.168515 0.579858 -0.171467
1403638561.427830 10.300349 8.274056 2.849992 0.784478 0.168794 0.575049 -0.159441
1403638561.527829 10.363068 8.233996 2.850001 0.789006 0.173901 0.570607 -0.147090
1403638561.627830 10.422478 8.191177 2.841540 0.791766 0.177730 0.567266 -0.140457
1403638561.727829 10.477885 8.146352 2.828699 0.792600 0.180228 0.565652 -0.139070
1403638561.827830 10.534648 8.101304 2.809180 0.792065 0.182313 0.566042 -0.137807
1403638561.927830 10.583649 8.053186 2.786686 0.792018 0.181141 0.567491 -0.133605
1403638562.027829 10.631329 8.005133 2.759932 0.793377 0.173711 0.569178 -0.128117
1403638562.127830 10.674311 7.954346 2.741230 0.795343 0.163908 0.570960 -0.120701
1403638562.227829 10.711911 7.905063 2.726658 0.796647 0.155592 0.572927 -0.113577
1403638562.327830 10.755138 7.856053 2.719076 0.797798 0.145893 0.575007 -0.107705
1403638562.427830 10.790486 7.807407 2.715490 0.799185 0.132026 0.577686 -0.100752
1403638562.527829 10.825926 7.757449 2.717733 0.802110 0.114265 0.578907 -0.091815
1403638562.627830 10.857690 7.707657 2.726383 0.804078 0.091760 0.581494 -0.083083
1403638562.727829 10.886407 7.655822 2.738500 0.806487 0.066816 0.582776 -0.074073
1403638562.827830 10.911480 7.600615 2.748936 0.808093 0.041298 0.584246 -0.062738
1403638562.927830 10.931127 7.541295 2.753773 0.809399 0.017347 0.584955 -0.048978
1403638563.027829 10.946628 7.479030 2.753318 0.809484 -0.005504 0.585960 -0.036812
1403638563.127830 10.957495 7.413388 2.748066 0.809737 -0.029585 0.585294 -0.029704
1403638563.227829 10.969786 7.341092 2.737820 0.807997 -0.045196 0.587216 -0.016587
1403638563.327830 10.967510 7.265782 2.725063 0.803319 -0.056084 0.592865 -0.006631
1403638563.427830 10.961395 7.187296 2.706997 0.794645 -0.064307 0.603653 -0.002630
1403638563.527829 10.948017 7.105331 2.683635 0.792427 -0.066969 0.606279 0.001035
1403638563.627830 10.927398 7.018878 2.663725 0.795107 -0.066178 0.602830 0.004704
1403638563.727829 10.900389 6.926877 2.650756 0.797990 -0.066772 0.598956 0.002260
1403638563.827830 10.867260 6.830758 2.645047 0.799384 -0.066800 0.597094 -0.001456
1403638563.927830 10.829271 6.728844 2.648529 0.798820 -0.065616 0.597961 -0.004780
1403638564.027829 10.786491 6.620507 2.653281 0.798467 -0.063342 0.598635 -0.008647
1403638564.127830 10.735777 6.508342 2.653216 0.798337 -0.059980 0.599099 -0.011908
1403638564.227829 10.679940 6.389440 2.648945 0.797637 -0.054496 0.600544 -0.012325
1403638564.327830 10.621837 6.262069 2.646718 0.796641 -0.047973 0.602455 -0.010498
1403638564.427830 10.553637 6.134579 2.651187 0.794694 -0.044028 0.605314 -0.010829
1403638564.527829 10.480616 6.002380 2.662728 0.794756 -0.041704 0.605375 -0.012028
1403638564.627830 10.396347 5.867946 2.674595 0.796889 -0.042550 0.602408 -0.016190
1403638564.727829 10.307828 5.728654 2.684610 0.798266 -0.045796 0.600189 -0.021124
1403638564.827830 10.212891 5.590128 2.686108 0.798489 -0.048917 0.599546 -0.023833
1403638564.927830 10.114428 5.440933 2.677021 0.797638 -0.051343 0.600380 -0.026095
1403638565.027829 10.009204 5.287501 2.646096 0.797618 -0.052252 0.600273 -0.027356
1403638565.127830 9.901171 5.128510 2.603962 0.798257 -0.052889 0.599323 -0.028305
1403638565.227829 9.791524 4.963189 2.549987 0.799116 -0.052514 0.598227 -0.027925
1403638565.327830 9.677684 4.791209 2.492363 0.800042 -0.051701 0.597165 -0.025549
1403638565.427830 9.560353 4.615346 2.431569 0.800914 -0.050428 0.596200 -0.023225
1403638565.527829 9.439495 4.433122 2.373817 0.798856 -0.048754 0.599281 -0.017721
1403638565.627830 9.315416 4.247597 2.323741 0.797286 -0.045269 0.601831 -0.009225
1403638565.727829 9.187648 4.061750 2.281337 0.798393 -0.038931 0.600870 0.002936
1403638565.827830 9.054126 3.878027 2.245896 0.801350 -0.036397 0.597016 0.009202
1403638565.927830 8.914631 3.696991 2.217811 0.803712 -0.034434 0.593825 0.015233
1403638566.027829 8.772880 3.520928 2.186401 0.804871 -0.035451 0.592173 0.016045
1403638566.127830 8.628435 3.348040 2.148297 0.805011 -0.035876 0.591944 0.016493
1403638566.227829 8.482226 3.177920 2.100523 0.804690 -0.035686 0.592381 0.016859
1403638566.327830 8.337328 3.011031 2.045199 0.805716 -0.035623 0.591007 0.016224
1403638566.427830 8.192036 2.846814 1.982389 0.805595 -0.034363 0.591258 0.015799
1403638566.527829 8.048339 2.687000 1.913485 0.805925 -0.033723 0.590897 0.013749
1403638566.627830 7.905917 2.533022 1.837517 0.812547 -0.032623 0.581862 0.011844
1403638566.727829 7.765679 2.383549 1.754688 0.824831 -0.031638 0.564392 0.010714
1403638566.827830 7.631722 2.234893 1.668285 0.834501 -0.028541 0.550155 0.011066
1403638566.927830 7.504019 2.088939 1.579779 0.840682 -0.025952 0.540800 0.010755
1403638567.027829 7.382472 1.944465 1.490051 0.840496 -0.024655 0.541172 0.009576
1403638567.127830 7.275635 1.808255 1.402345 0.827914 -0.022115 0.560303 0.011358
1403638567.227829 7.171086 1.672273 1.310484 0.816602 -0.020491 0.576690 0.013034
1403638567.327830 7.066582 1.539845 1.212489 0.810956 -0.019235 0.584566 0.016224
1403638567.427830 6.961402 1.411246 1.114339 0.810482 -0.019523 0.585147 0.018485
1403638567.527829 6.855221 1.285454 1.021052 0.813018 -0.020658 0.581524 0.020118
1403638567.627830 6.747554 1.162999 0.936577 0.816869 -0.021758 0.575985 0.022191
1403638567.727829 6.644107 1.046562 0.862526 0.820050 -0.022398 0.571316 0.024785
1403638567.827830 6.544878 0.934804 0.797842 0.824073 -0.022787 0.565396 0.026692
1403638567.927830 6.453660 0.828623 0.741053 0.825624 -0.025367 0.563125 0.024341
1403638568.027829 6.364686 0.725217 0.689200 0.826277 -0.025457 0.562110 0.025521
1403638568.127830 6.281002 0.626508 0.648942 0.825429 -0.023950 0.563289 0.028269
1403638568.227829 6.201449 0.533574 0.617160 0.824739 -0.022872 0.564233 0.030374
1403638568.327830 6.130408 0.449785 0.592415 0.824932 -0.022878 0.563906 0.031201
1403638568.427830 6.061936 0.372824 0.562285 0.826209 -0.023344 0.562004 0.031385
1403638568.527829 5.996873 0.294924 0.528502 0.827008 -0.022809 0.560813 0.032050
1403638568.627830 5.934620 0.222851 0.488492 0.828642 -0.022449 0.558373 0.032693
1403638568.727829 5.876818 0.153764 0.450566 0.830022 -0.020771 0.556290 0.034258
1403638568.827830 5.822720 0.090941 0.418897 0.829987 -0.021778 0.556425 0.032227
1403638568.927830 5.773981 0.034260 0.392985 0.829947 -0.021142 0.556446 0.033280
1403638569.027829 5.731217 -0.016275 0.375660 0.829078 -0.021178 0.557737 0.033319
1403638569.127830 5.692348 -0.062982 0.367683 0.829218 -0.019983 0.557478 0.034890
1403638569.227829 5.656406 -0.105244 0.364845 0.830750 -0.019042 0.555101 0.036800
1403638569.327830 5.622011 -0.144840 0.355085 0.831451 -0.018858 0.553980 0.037943
1403638569.427830 5.593014 -0.179873 0.343546 0.830487 -0.018284 0.555383 0.038821
1403638569.527829 5.571051 -0.207826 0.324481 0.829267 -0.017994 0.557207 0.038888
1403638569.627830 5.554666 -0.229307 0.307011 0.827878 -0.018606 0.559281 0.038436
1403638569.727829 5.543222 -0.244840 0.296762 0.826986 -0.018275 0.560554 0.039235
1403638569.827830 5.534659 -0.253254 0.293455 0.826363 -0.017829 0.561488 0.039212
1403638569.927830 5.530360 -0.256982 0.295363 0.824554 -0.017160 0.564085 0.040306
1403638570.027829 5.529819 -0.254682 0.298227 0.823390 -0.018380 0.565896 0.038119
1403638570.127830 5.531520 -0.247314 0.296507 0.823560 -0.020708 0.565796 0.034583
1403638570.227829 5.534569 -0.237166 0.288616 0.823135 -0.024064 0.566619 0.028494
1403638570.327830 5.539439 -0.225181 0.275107 0.822878 -0.030386 0.567063 0.019679
1403638570.427830 5.545994 -0.212650 0.257314 0.822610 -0.040529 0.566934 0.016010
1403638570.527829 5.554818 -0.203661 0.232679 0.821482 -0.062459 0.566719 0.009740
1403638570.627830 5.558241 -0.201219 0.202994 0.817886 -0.091596 0.568016 0.005629
1403638570.727829 5.563550 -0.208256 0.170271 0.810070 -0.119133 0.573995 0.011125
1403638570.827830 5.563887 -0.225197 0.135134 0.797641 -0.146156 0.584796 0.020527
1403638570.927830 5.557826 -0.252974 0.096697 0.787883 -0.168930 0.591194 0.034536
1403638571.027829 5.544838 -0.290722 0.057072 0.781211 -0.190099 0.592532 0.049775
1403638571.127830 5.523079 -0.339046 0.012788 0.782384 -0.206020 0.583564 0.069880
1403638571.227829 5.494252 -0.393974 -0.023639 0.784842 -0.214711 0.574083 0.091388
1403638571.327830 5.458954 -0.455742 -0.050444 0.785315 -0.219438 0.568433 0.109594
1403638571.427830 5.417704 -0.520026 -0.067915 0.783180 -0.225431 0.567473 0.117408
1403638571.527829 5.370764 -0.587387 -0.077897 0.780116 -0.228752 0.569100 0.123353
1403638571.627830 5.317763 -0.657375 -0.088924 0.778784 -0.235600 0.566664 0.129926
1403638571.727829 5.261787 -0.730558 -0.105027 0.778702 -0.247215 0.560165 0.136834
1403638571.827830 5.203814 -0.806554 -0.127746 0.777258 -0.262550 0.553070 0.145090
1403638571.927830 5.143469 -0.886189 -0.151032 0.772413 -0.281816 0.548388 0.152411
1403638572.027829 5.077396 -0.970283 -0.163053 0.765967 -0.301213 0.544622 0.161099
1403638572.127830 5.009900 -1.058321 -0.169530 0.758581 -0.319179 0.541368 0.172046
1403638572.227829 4.937984 -1.149197 -0.168116 0.753029 -0.333974 0.534637 0.188604
1403638572.327830 4.865102 -1.241660 -0.165036 0.748713 -0.351805 0.524300 0.201919
1403638572.427830 4.791988 -1.339007 -0.166163 0.743892 -0.368517 0.514173 0.215514
1403638572.527829 4.719364 -1.439338 -0.169243 0.740407 -0.379089 0.506009 0.228132
1403638572.627830 4.648604 -1.543394 -0.172788 0.737169 -0.385644 0.501867 0.236621
1403638572.727829 4.579627 -1.651216 -0.171811 0.736851 -0.388198 0.496959 0.243692
1403638572.827830 4.513991 -1.762757 -0.162153 0.738986 -0.387330 0.491576 0.249456
1403638572.927830 4.453194 -1.877386 -0.145230 0.740867 -0.386754 0.488499 0.250812
1403638573.027829 4.396782 -1.994496 -0.128458 0.743320 -0.385617 0.485468 0.251190
1403638573.127830 4.345258 -2.114113 -0.117721 0.745521 -0.384045 0.483981 0.249940
1403638573.227829 4.296394 -2.238778 -0.111515 0.746471 -0.382245 0.484774 0.248321
1403638573.327830 4.254186 -2.364598 -0.104821 0.747528 -0.380177 0.485539 0.246819
1403638573.427830 4.217250 -2.491492 -0.096191 0.748605 -0.380646 0.482956 0.247895
1403638573.527829 4.187487 -2.621980 -0.080840 0.748421 -0.380735 0.481608 0.250920
1403638573.627830 4.154741 -2.758768 -0.061224 0.748021 -0.381023 0.481406 0.252058
1403638573.727829 4.131292 -2.894161 -0.033384 0.747359 -0.382935 0.478614 0.256405
1403638573.827830 4.115187 -3.031538 -0.002760 0.740230 -0.387042 0.480439 0.267276
1403638573.927830 4.104576 -3.169723 0.023455 0.727750 -0.395788 0.484244 0.281493
1403638574.027829 4.098270 -3.305115 0.043267 0.709478 -0.414084 0.491406 0.289300
1403638574.127830 4.092702 -3.436825 0.057431 0.687958 -0.437104 0.498615 0.295021
1403638574.227829 4.084946 -3.565676 0.066684 0.666866 -0.460835 0.501495 0.302364
1403638574.327830 4.073617 -3.689179 0.071428 0.651199 -0.482185 0.495324 0.313196
1403638574.427830 4.053366 -3.810937 0.073121 0.639369 -0.500564 0.483396 0.327066
1403638574.527829 4.032326 -3.929564 0.072910 0.628149 -0.517690 0.471804 0.338860
1403638574.627830 4.006445 -4.045492 0.079043 0.618590 -0.528333 0.464745 0.349603
1403638574.727829 3.977714 -4.160947 0.092129 0.615661 -0.532504 0.454381 0.361855
1403638574.827830 3.948064 -4.272500 0.111298 0.617772 -0.535308 0.442726 0.368506
1403638574.927830 3.916223 -4.381277 0.129767 0.620044 -0.539952 0.434962 0.367159
1403638575.027829 3.886149 -4.490743 0.140071 0.620901 -0.543658 0.432422 0.363221
1403638575.127830 3.854044 -4.597958 0.145515 0.618420 -0.548319 0.436216 0.355836
1403638575.227829 3.819534 -4.705314 0.146686 0.616334 -0.550101 0.440469 0.351437
1403638575.327830 3.782016 -4.813772 0.142139 0.616997 -0.550561 0.441847 0.347805
1403638575.427830 3.741695 -4.924697 0.134304 0.622155 -0.550180 0.437794 0.344329
1403638575.527829 3.697929 -5.040193 0.123902 0.626931 -0.547974 0.434923 0.342818
1403638575.627830 3.653122 -5.155068 0.117780 0.633652 -0.543473 0.429027 0.345047
1403638575.727829 3.607316 -5.277026 0.118596 0.639897 -0.538902 0.423555 0.347446
1403638575.827830 3.562503 -5.402834 0.127744 0.645789 -0.536319 0.417218 0.348208
1403638575.927830 3.521293 -5.533056 0.148920 0.647659 -0.535190 0.416555 0.347261
1403638576.027829 3.484084 -5.667344 0.179426 0.648069 -0.533917 0.417415 0.347425
1403638576.127830 3.449201 -5.804523 0.216236 0.647821 -0.533209 0.418059 0.348199
1403638576.227829 3.416619 -5.951402 0.254018 0.646971 -0.531521 0.419544 0.350565
1403638576.327830 3.387174 -6.104698 0.285470 0.648064 -0.528365 0.417893 0.355259
1403638576.427830 3.361648 -6.262870 0.310380 0.650210 -0.526257 0.414386 0.358560
1403638576.527829 3.343708 -6.414507 0.331083 0.653943 -0.522575 0.408342 0.364046
1403638576.627830 3.333717 -6.571856 0.343848 0.656708 -0.520292 0.403544 0.367673
1403638576.727829 3.332379 -6.731944 0.353366 0.655985 -0.517847 0.404869 0.370943
1403638576.827830 3.339003 -6.894235 0.358427 0.651914 -0.514418 0.411244 0.375847
1403638576.927830 3.352518 -7.052840 0.359653 0.646260 -0.514668 0.419591 0.376044
1403638577.027829 3.372084 -7.213761 0.355131 0.641520 -0.517634 0.426810 0.371941
1403638577.127830 3.395376 -7.372325 0.356745 0.637838 -0.520286 0.431871 0.368717
1403638577.227829 3.422144 -7.525928 0.365800 0.636202 -0.522096 0.433968 0.366516
1403638577.327830 3.451093 -7.683386 0.382117 0.638612 -0.519236 0.430613 0.370327
1403638577.427830 3.483462 -7.844165 0.406681 0.643312 -0.514309 0.424227 0.376388
1403638577.527829 3.521433 -7.997792 0.432633 0.643958 -0.513748 0.423570 0.376787
1403638577.627830 3.564488 -8.147884 0.453064 0.643088 -0.515677 0.425032 0.373984
1403638577.727829 3.611697 -8.295712 0.466963 0.642896 -0.517123 0.425648 0.371608
1403638577.827830 3.662926 -8.443037 0.473361 0.642636 -0.518303 0.426674 0.369229
1403638577.927830 3.717724 -8.589848 0.475430 0.642888 -0.517562 0.427263 0.369148
1403638578.027829 3.776475 -8.735611 0.479385 0.643115 -0.516133 0.427865 0.370056
1403638578.127830 3.839588 -8.880797 0.490152 0.641620 -0.516904 0.431361 0.367508
1403638578.227829 3.906045 -9.026524 0.507859 0.636543 -0.522005 0.439426 0.359485
1403638578.327830 3.972889 -9.172938 0.528330 0.633165 -0.525998 0.444392 0.353474
1403638578.427830 4.038431 -9.317503 0.543153 0.632520 -0.526490 0.444794 0.353391
1403638578.527829 4.101754 -9.460589 0.551759 0.631950 -0.527054 0.444889 0.353451
1403638578.627830 4.162516 -9.602847 0.557121 0.631100 -0.526929 0.445329 0.354600
1403638578.727829 4.220583 -9.736913 0.557656 0.632602 -0.524592 0.442734 0.358615
1403638578.827830 4.276846 -9.869398 0.555194 0.636275 -0.520938 0.437494 0.363837
1403638578.927830 4.336138 -10.005874 0.551246 0.637517 -0.518111 0.435573 0.367980
1403638579.027829 4.395607 -10.134563 0.549503 0.638597 -0.516003 0.434923 0.369833
1403638579.127830 4.458552 -10.262139 0.556608 0.638853 -0.514989 0.435387 0.370259
1403638579.227829 4.521833 -10.384167 0.572158 0.638797 -0.514698 0.435978 0.370065
1403638579.327830 4.591594 -10.509731 0.592211 0.637200 -0.516369 0.438965 0.366945
1403638579.427830 4.654681 -10.616028 0.610586 0.632563 -0.521564 0.445744 0.359370
1403638579.527829 4.724540 -10.732147 0.624335 0.629331 -0.523886 0.451431 0.354537
1403638579.627830 4.792830 -10.845010 0.633678 0.626947 -0.515815 0.462315 0.356563
1403638579.727829 4.860158 -10.960350 0.637545 0.632719 -0.499697 0.471147 0.357758
1403638579.827830 4.926470 -11.069996 0.635207 0.648103 -0.479725 0.475862 0.351257
1403638579.927830 4.988832 -11.167428 0.623889 0.668902 -0.456618 0.480221 0.336835
1403638580.027829 5.051259 -11.260217 0.610735 0.686473 -0.426804 0.493857 0.320467
1403638580.127830 5.114165 -11.344511 0.596526 0.699533 -0.390390 0.515755 0.303720
1403638580.227829 5.175069 -11.419172 0.577166 0.715384 -0.353707 0.533447 0.280271
1403638580.327830 5.232053 -11.484574 0.551947 0.732927 -0.322164 0.543933 0.251327
1403638580.427830 5.283547 -11.543018 0.520746 0.746653 -0.301690 0.550082 0.221139
1403638580.527829 5.333050 -11.602082 0.488233 0.755263 -0.287407 0.554058 0.199986
1403638580.627830 5.373565 -11.654879 0.451336 0.763543 -0.273584 0.555313 0.183799
1403638580.727829 5.410698 -11.705823 0.419436 0.774467 -0.257841 0.552067 0.170123
1403638580.827830 5.444916 -11.757099 0.398158 0.782575 -0.244936 0.548647 0.162999
1403638580.927830 5.477461 -11.807254 0.386369 0.786834 -0.236828 0.547301 0.158956
1403638581.027829 5.509411 -11.857933 0.382071 0.787981 -0.234820 0.547754 0.154631
1403638581.127830 5.542972 -11.906843 0.390403 0.788448 -0.233111 0.547488 0.155777
1403638581.227829 5.577254 -11.953946 0.404281 0.788572 -0.232755 0.546637 0.158644
1403638581.327830 5.605105 -11.997257 0.415948 0.788180 -0.233358 0.545806 0.162520
1403638581.427830 5.635573 -12.042063 0.426615 0.786308 -0.234386 0.547053 0.165881
1403638581.527829 5.656707 -12.065741 0.453972 0.784974 -0.236813 0.547066 0.168683
1403638581.627830 5.681095 -12.087416 0.487486 0.782502 -0.238152 0.548697 0.172933
1403638581.727829 5.708592 -12.118087 0.506400 0.777851 -0.237971 0.553891 0.177545
1403638581.827830 5.731494 -12.132411 0.529535 0.776082 -0.239543 0.555055 0.179527
1403638581.927830 5.761377 -12.152370 0.544032 0.769331 -0.239245 0.563395 0.182972
1403638582.027829 5.785269 -12.171999 0.547646 0.765870 -0.238431 0.567709 0.185203
1403638582.127830 5.808368 -12.187167 0.554844 0.772135 -0.240778 0.558839 0.183122
1403638582.227829 5.831135 -12.201742 0.573409 0.778235 -0.243221 0.550190 0.180233
1403638582.327830 5.853905 -12.215290 0.602253 0.776762 -0.241424 0.552364 0.182343
1403638582.427830 5.879771 -12.229161 0.639011 0.774309 -0.239918 0.555930 0.183919
1403638582.527829 5.900806 -12.233013 0.688198 0.773194 -0.238914 0.557565 0.184967
1403638582.627830 5.926665 -12.241194 0.742822 0.773068 -0.238375 0.557786 0.185523
1403638582.727829 5.946083 -12.237247 0.808807 0.775622 -0.239317 0.554117 0.184639
1403638582.827830 5.968507 -12.234662 0.878560 0.776980 -0.240228 0.552002 0.184082
1403638582.927830 5.987987 -12.224661 0.947422 0.778220 -0.241392 0.549843 0.183784
1403638583.027829 6.007051 -12.211863 1.008467 0.780936 -0.243015 0.545572 0.182849
1403638583.127830 6.026201 -12.197043 1.061923 0.782985 -0.244193 0.542282 0.182300
1403638583.227829 6.046859 -12.180402 1.108410 0.783996 -0.245648 0.540479 0.181359
1403638583.327830 6.072658 -12.166657 1.146166 0.783895 -0.245418 0.540586 0.181784
1403638583.427830 6.101593 -12.150193 1.179249 0.784179 -0.245653 0.540174 0.181467
1403638583.527829 6.128302 -12.129822 1.217894 0.784755 -0.245730 0.539402 0.181168
1403638583.627830 6.156230 -12.107388 1.265283 0.784658 -0.245156 0.539534 0.181973
1403638583.727829 6.185461 -12.081948 1.317094 0.784556 -0.244383 0.539612 0.183215
1403638583.827830 6.223370 -12.056507 1.351444 0.784397 -0.243781 0.539908 0.183827
1403638583.927830 6.256905 -12.026915 1.389958 0.783565 -0.243785 0.541193 0.183589
1403638584.027829 6.290386 -11.995021 1.423026 0.782881 -0.243001 0.542162 0.184685
1403638584.127830 6.330477 -11.962155 1.441929 0.775972 -0.239586 0.551989 0.189142
1403638584.227829 6.367123 -11.924961 1.463810 0.766313 -0.235830 0.565410 0.193545
1403638584.327830 6.398990 -11.882249 1.480478 0.760546 -0.234404 0.573256 0.194939
1403638584.427830 6.426380 -11.823595 1.467452 0.759525 -0.234322 0.574637 0.194954
1403638584.527829 6.447195 -11.764985 1.474469 0.759166 -0.234451 0.575306 0.194225
1403638584.627830 6.463863 -11.701538 1.488202 0.760371 -0.234264 0.573906 0.193878
1403638584.727829 6.471663 -11.624433 1.482093 0.763905 -0.235549 0.569323 0.191934
1403638584.827830 6.472496 -11.542304 1.474509 0.771959 -0.238749 0.558557 0.187329
1403638584.927830 6.473512 -11.464568 1.483242 0.777986 -0.242900 0.550051 0.182158
1403638585.027829 6.466870 -11.380520 1.472979 0.780708 -0.244189 0.546197 0.180376
1403638585.127830 6.435743 -11.312947 1.440089 0.780901 -0.245023 0.546140 0.178574
1403638585.227829 6.436027 -11.232606 1.440039 0.779789 -0.245209 0.547660 0.178519
1403638585.327830 6.431280 -11.157781 1.431741 0.777450 -0.244068 0.551160 0.179514
1403638585.427830 6.432486 -11.077576 1.424413 0.776894 -0.243863 0.552114 0.179264
1403638585.527829 6.428582 -11.000814 1.415089 0.777875 -0.243667 0.550787 0.179360
1403638585.627830 6.434306 -10.918894 1.418995 0.779946 -0.243834 0.548045 0.178536
1403638585.727829 6.423441 -10.842097 1.425663 0.783898 -0.244447 0.542647 0.176872
1403638585.827830 6.430926 -10.761085 1.445394 0.788596 -0.246603 0.535741 0.174023
1403638585.927830 6.429764 -10.683259 1.472140 0.790892 -0.249118 0.532233 0.170761
1403638586.027829 6.433979 -10.605110 1.507300 0.788105 -0.249482 0.536133 0.170910
1403638586.127830 6.450059 -10.531042 1.537761 0.784396 -0.249185 0.540929 0.173280
1403638586.227829 6.456072 -10.449549 1.561850 0.781925 -0.248175 0.544346 0.175185
1403638586.327830 6.472058 -10.375965 1.579989 0.778758 -0.246370 0.548590 0.178569
1403638586.427830 6.475252 -10.299157 1.593271 0.776084 -0.241427 0.552004 0.186274
1403638586.527829 6.488386 -10.215377 1.602772 0.775034 -0.237324 0.552940 0.193022
1403638586.627830 6.488863 -10.130621 1.603010 0.775502 -0.239106 0.552424 0.190403
1403638586.727829 6.500757 -10.044634 1.599131 0.775469 -0.241708 0.552516 0.186953
1403638586.827830 6.512120 -9.958850 1.588779 0.774630 -0.243692 0.553852 0.183877
1403638586.927830 6.514406 -9.870104 1.572097 0.773971 -0.243184 0.555029 0.183776
1403638587.027829 6.522671 -9.780891 1.551481 0.773796 -0.243473 0.555414 0.182964
1403638587.127830 6.523547 -9.689930 1.532044 0.773932 -0.244026 0.555254 0.182136
1403638587.227829 6.528403 -9.597776 1.521182 0.776203 -0.243498 0.552396 0.181869
1403638587.327830 6.528303 -9.505720 1.518976 0.777755 -0.244016 0.550121 0.181441
1403638587.427830 6.531990 -9.409820 1.521007 0.778373 -0.244987 0.549285 0.180007
1403638587.527829 6.532682 -9.313978 1.522032 0.778080 -0.246003 0.549670 0.178712
1403638587.627830 6.536957 -9.217901 1.519010 0.778021 -0.247259 0.549500 0.177754
1403638587.727829 6.539273 -9.121815 1.510391 0.777871 -0.247233 0.549628 0.178047
1403638587.827830 6.543653 -9.026414 1.495979 0.777369 -0.248446 0.550020 0.177340
1403638587.927830 6.548518 -8.933542 1.475799 0.776996 -0.248925 0.550439 0.177004
1403638588.027829 6.551074 -8.840368 1.453989 0.776328 -0.248970 0.551412 0.176843
1403638588.127830 6.554722 -8.751173 1.427289 0.776693 -0.246702 0.550870 0.180077
1403638588.227829 6.555791 -8.657610 1.399964 0.777613 -0.242059 0.549522 0.186420
1403638588.327830 6.559305 -8.566597 1.374195 0.778256 -0.241135 0.548790 0.187085
1403638588.427830 6.561416 -8.468209 1.360346 0.778129 -0.241032 0.549069 0.186928
1403638588.527829 6.564910 -8.367188 1.352583 0.777862 -0.242487 0.549539 0.184765
1403638588.627830 6.568987 -8.266744 1.352146 0.777211 -0.243687 0.550694 0.182472
1403638588.727829 6.569479 -8.163678 1.358734 0.775509 -0.245638 0.553108 0.179777
1403638588.827830 6.568791 -8.057777 1.368211 0.774844 -0.246407 0.553952 0.178990
1403638588.927830 6.572347 -7.956122 1.370564 0.774633 -0.247923 0.553983 0.177712
1403638589.027829 6.570358 -7.851900 1.365511 0.774605 -0.248635 0.553733 0.177617
1403638589.127830 6.574296 -7.751846 1.355345 0.774836 -0.248229 0.553110 0.179113
1403638589.227829 6.572659 -7.644894 1.338617 0.774487 -0.248209 0.553547 0.179302
1403638589.327830 6.575147 -7.543842 1.318603 0.773851 -0.248333 0.554314 0.179502
1403638589.427830 6.571593 -7.436475 1.301178 0.773906 -0.248592 0.554310 0.178918
1403638589.527829 6.568830 -7.333850 1.289601 0.774296 -0.248592 0.553838 0.178694
1403638589.627830 6.560529 -7.226167 1.284627 0.774102 -0.248358 0.554083 0.179100
1403638589.727829 6.557075 -7.122415 1.292366 0.775882 -0.249145 0.551446 0.178439
1403638589.827830 6.547854 -7.016893 1.300376 0.776694 -0.250093 0.549993 0.178065
1403638589.927830 6.542076 -6.917011 1.308604 0.777202 -0.250077 0.548901 0.179237
1403638590.027829 6.532532 -6.810733 1.305426 0.776729 -0.251531 0.549214 0.178291
1403638590.127830 6.525310 -6.706774 1.303135 0.776207 -0.251805 0.549606 0.178970
1403638590.227829 6.515889 -6.601722 1.290897 0.775344 -0.252101 0.550550 0.179394
1403638590.327830 6.506037 -6.498046 1.278422 0.775022 -0.252290 0.550922 0.179378
1403638590.427830 6.495082 -6.393450 1.259393 0.776038 -0.252554 0.549231 0.179796
1403638590.527829 6.483436 -6.288954 1.240240 0.776064 -0.253383 0.549180 0.178669
1403638590.627830 6.470742 -6.186141 1.225450 0.778117 -0.253857 0.546354 0.177730
1403638590.727829 6.457024 -6.089742 1.219778 0.779134 -0.255211 0.545019 0.175418
1403638590.827830 6.447608 -6.003941 1.222462 0.780243 -0.254934 0.543549 0.175456
1403638590.927830 6.438847 -5.908306 1.231755 0.780777 -0.255681 0.542717 0.174568
1403638591.027829 6.427134 -5.816328 1.246272 0.781539 -0.256822 0.541484 0.173304
1403638591.127830 6.414323 -5.726088 1.258653 0.784173 -0.257511 0.537593 0.172494
1403638591.227829 6.405365 -5.637004 1.265395 0.789123 -0.259223 0.530018 0.170790
1403638591.327830 6.397646 -5.551646 1.264603 0.794766 -0.261856 0.521336 0.167296
1403638591.427830 6.395801 -5.470860 1.260050 0.797940 -0.264049 0.516178 0.164714
1403638591.527829 6.401036 -5.395597 1.249556 0.800487 -0.266407 0.511960 0.161697
1403638591.627830 6.412453 -5.329031 1.233132 0.802526 -0.267855 0.508674 0.159549
1403638591.727829 6.432668 -5.279779 1.215952 0.801420 -0.268514 0.510164 0.159247
1403638591.827830 6.460783 -5.251343 1.200433 0.799094 -0.267237 0.514063 0.160537
1403638591.927830 6.492993 -5.222780 1.189029 0.796477 -0.265803 0.518492 0.161674
1403638592.027829 6.530983 -5.196960 1.187247 0.793851 -0.265176 0.522666 0.162181
1403638592.127830 6.573787 -5.183342 1.194015 0.792345 -0.263740 0.525686 0.162128
1403638592.227829 6.619850 -5.166555 1.211015 0.787704 -0.260324 0.535470 0.158195
1403638592.327830 6.667509 -5.146692 1.237274 0.782932 -0.253643 0.547501 0.151412
1403638592.427830 6.715256 -5.146277 1.275145 0.782707 -0.241818 0.556097 0.140181
1403638592.527829 6.758671 -5.144112 1.316706 0.788033 -0.227264 0.557263 0.129662
1403638592.627830 6.799176 -5.141330 1.363424 0.795525 -0.214138 0.553340 0.122881
1403638592.727829 6.838674 -5.142402 1.412997 0.802806 -0.204736 0.547598 0.117142
1403638592.827830 6.878784 -5.147029 1.458120 0.809211 -0.199281 0.541237 0.111925
1403638592.927830 6.919791 -5.155010 1.498204 0.812735 -0.194974 0.537903 0.110035
1403638593.027829 6.963454 -5.167145 1.533387 0.814173 -0.192407 0.536853 0.109047
1403638593.127830 7.011470 -5.184011 1.563986 0.814238 -0.191340 0.537220 0.108625
1403638593.227829 7.064194 -5.205477 1.599707 0.810826 -0.189344 0.542448 0.111627
1403638593.327830 7.119981 -5.229059 1.643005 0.808221 -0.184606 0.546203 0.119841
1403638593.427830 7.176686 -5.253381 1.688495 0.803633 -0.179034 0.552456 0.130049
1403638593.527829 7.233675 -5.275876 1.728792 0.799894 -0.177129 0.557172 0.135476
1403638593.627830 7.291985 -5.296953 1.759566 0.797963 -0.176853 0.559281 0.138500
1403638593.727829 7.347858 -5.310540 1.789766 0.796010 -0.176569 0.561648 0.140508
1403638593.827830 7.405602 -5.323405 1.811458 0.789692 -0.177529 0.570442 0.139525
1403638593.927830 7.459795 -5.328708 1.840167 0.780456 -0.175303 0.584975 0.134022
1403638594.027829 7.507777 -5.330971 1.869874 0.782909 -0.172515 0.584268 0.126183
1403638594.127830 7.548599 -5.330962 1.906923 0.788871 -0.169551 0.578267 0.120594
1403638594.227829 7.584946 -5.329047 1.943941 0.793722 -0.164586 0.573075 0.120427
1403638594.327830 7.618999 -5.325730 1.975887 0.794001 -0.160302 0.573846 0.120693
1403638594.427830 7.647512 -5.318472 2.011908 0.792605 -0.153948 0.576554 0.125152
1403638594.527829 7.673973 -5.307454 2.048380 0.792300 -0.152719 0.577621 0.123660
1403638594.627830 7.692140 -5.290972 2.096799 0.792804 -0.155176 0.577475 0.117921
1403638594.727829 7.708606 -5.273433 2.141947 0.793316 -0.158122 0.576734 0.114130
1403638594.827830 7.718274 -5.253710 2.185534 0.793617 -0.159824 0.576144 0.112638
1403638594.927830 7.728514 -5.233567 2.216895 0.794455 -0.160850 0.574727 0.112507
1403638595.027829 7.737259 -5.212483 2.242012 0.795974 -0.162484 0.572298 0.111802
1403638595.127830 7.741307 -5.188716 2.263251 0.796881 -0.163666 0.570718 0.111694
1403638595.227829 7.745468 -5.166925 2.276460 0.797333 -0.164027 0.569822 0.112512
1403638595.327830 7.749213 -5.144181 2.284874 0.797410 -0.164276 0.569553 0.112959
1403638595.427830 7.754497 -5.120341 2.290400 0.797244 -0.165164 0.569587 0.112663
1403638595.527829 7.756759 -5.096764 2.289609 0.797828 -0.165191 0.568750 0.112719
1403638595.627830 7.757967 -5.072940 2.289489 0.798444 -0.164509 0.567961 0.113333
1403638595.727829 7.756565 -5.048309 2.294731 0.798974 -0.161524 0.567213 0.117558
1403638595.827830 7.750475 -5.022028 2.302177 0.799770 -0.159907 0.565980 0.120264
1403638595.927830 7.746301 -4.992734 2.303465 0.799500 -0.159433 0.566200 0.121648
1403638596.027829 7.743761 -4.963945 2.288624 0.799279 -0.156786 0.566372 0.125676
1403638596.127830 7.741887 -4.932044 2.267036 0.800435 -0.149942 0.564216 0.135947
1403638596.227829 7.740343 -4.893697 2.248982 0.802450 -0.141297 0.560589 0.147813
1403638596.327830 7.738635 -4.845187 2.242265 0.803584 -0.133187 0.557949 0.158769
1403638596.427830 7.739830 -4.789279 2.240903 0.803526 -0.127652 0.557386 0.165447
1403638596.527829 7.744201 -4.721267 2.251533 0.803346 -0.122003 0.556918 0.172023
1403638596.627830 7.753625 -4.640373 2.267399 0.803837 -0.116193 0.555175 0.179239
1403638596.727829 7.768630 -4.543829 2.290694 0.804475 -0.111312 0.553192 0.185497
1403638596.827830 7.787761 -4.429625 2.322210 0.804029 -0.107838 0.553131 0.189614
1403638596.927830 7.813389 -4.300577 2.360905 0.803137 -0.105884 0.554007 0.191926
1403638597.027829 7.842426 -4.154980 2.397185 0.802139 -0.105868 0.554862 0.193630
1403638597.127830 7.876380 -3.994028 2.427320 0.800560 -0.104837 0.556387 0.196333
1403638597.227829 7.913348 -3.816331 2.449341 0.798400 -0.106116 0.559071 0.196819
1403638597.327830 7.952400 -3.625038 2.467158 0.796360 -0.109828 0.562535 0.193141
1403638597.427830 7.993344 -3.418216 2.478829 0.794297 -0.115587 0.566352 0.187025
1403638597.527829 8.033376 -3.199833 2.488170 0.789856 -0.124560 0.574463 0.174940
1403638597.627830 8.073153 -2.969291 2.489723 0.786472 -0.131973 0.580148 0.165753
1403638597.727829 8.108893 -2.731834 2.487635 0.785640 -0.132614 0.581254 0.165306
1403638597.827830 8.141364 -2.487878 2.481243 0.788248 -0.122814 0.578394 0.170419
1403638597.927830 8.171735 -2.234029 2.469268 0.790903 -0.111478 0.575857 0.174456
1403638598.027829 8.201091 -1.969848 2.457949 0.791883 -0.104945 0.576442 0.172110
1403638598.127830 8.230924 -1.693550 2.453522 0.792391 -0.108886 0.579433 0.156579
1403638598.227829 8.257583 -1.407853 2.454446 0.793394 -0.118516 0.581426 0.135732
1403638598.327830 8.282126 -1.118916 2.457275 0.795938 -0.125824 0.579597 0.121320
1403638598.427830 8.306300 -0.831000 2.455038 0.797956 -0.129345 0.577495 0.114174
1403638598.527829 8.328005 -0.544602 2.446649 0.799624 -0.129170 0.575977 0.110305
1403638598.627830 8.347293 -0.260403 2.429274 0.802884 -0.124099 0.573445 0.105539
1403638598.727829 8.366083 0.021407 2.410346 0.804738 -0.113799 0.574082 0.099377
1403638598.827830 8.383204 0.300952 2.395628 0.805917 -0.101083 0.576275 0.090484
1403638598.927830 8.397900 0.577187 2.386076 0.808483 -0.085484 0.576595 0.081156
1403638599.027829 8.410691 0.852074 2.379478 0.810332 -0.069783 0.577754 0.068498
1403638599.127830 8.422210 1.122811 2.379840 0.811586 -0.051532 0.579099 0.057588
1403638599.227829 8.429546 1.391481 2.384318 0.813183 -0.032945 0.579250 0.046006
1403638599.327830 8.435210 1.659598 2.394978 0.815264 -0.014841 0.577971 0.032771
1403638599.427830 8.437525 1.925589 2.412361 0.818152 0.001622 0.574522 0.023418
1403638599.527829 8.438270 2.191269 2.432041 0.820336 0.012764 0.571502 0.016466
1403638599.627830 8.436684 2.456149 2.445642 0.821966 0.018114 0.569150 0.010582
1403638599.727829 8.434784 2.720175 2.450251 0.823143 0.021333 0.567370 0.008443
1403638599.827830 8.436329 2.982488 2.447092 0.823761 0.020488 0.566518 0.007393
1403638599.927830 8.439972 3.242360 2.439195 0.824970 0.016717 0.564911 0.004608
1403638600.027829 8.446658 3.501487 2.425950 0.824321 0.010143 0.566032 -0.000319
1403638600.127830 8.457347 3.755439 2.409584 0.826382 0.000690 0.563044 -0.008581
1403638600.227829 8.470441 4.005116 2.389163 0.829141 -0.011030 0.558558 -0.020412
1403638600.327830 8.485889 4.245350 2.365019 0.830806 -0.020660 0.555412 -0.029199
1403638600.427830 8.506160 4.473789 2.344090 0.832016 -0.029015 0.552755 -0.037010
1403638600.527829 8.530934 4.687649 2.332606 0.832726 -0.031861 0.551448 -0.038183
1403638600.627830 8.560516 4.887112 2.331491 0.834061 -0.033252 0.549374 -0.037751
1403638600.727829 8.594260 5.069875 2.337523 0.836230 -0.034435 0.545952 -0.038349
1403638600.827830 8.634127 5.239005 2.349208 0.840211 -0.031299 0.540232 -0.034870
1403638600.927830 8.681107 5.394563 2.363101 0.843429 -0.018876 0.536562 -0.019296
1403638601.027829 8.734631 5.542272 2.372001 0.844307 -0.007741 0.535772 -0.005762
1403638601.127830 8.798721 5.679432 2.375089 0.843165 -0.001928 0.537651 0.000752
1403638601.227829 8.866997 5.819063 2.374011 0.840186 0.005392 0.542188 0.009513
1403638601.327830 8.945627 5.952008 2.368838 0.832821 0.011997 0.553187 0.015768
1403638601.427830 9.028036 6.090690 2.365016 0.828466 0.014513 0.559826 0.005283
1403638601.527829 9.113293 6.231669 2.368229 0.824294 0.024093 0.565611 -0.006493
1403638601.627830 9.198659 6.372872 2.377764 0.820991 0.041063 0.569191 -0.017592
1403638601.727829 9.283967 6.514029 2.393412 0.818469 0.064091 0.570190 -0.029733
1403638601.827830 9.366781 6.654284 2.417304 0.814155 0.091800 0.571707 -0.043307
1403638601.927830 9.445890 6.795610 2.447149 0.809625 0.119439 0.571785 -0.057483
1403638602.027829 9.521617 6.937658 2.474446 0.807258 0.139624 0.569087 -0.070567
1403638602.127830 9.593611 7.080414 2.495120 0.804182 0.155010 0.568374 -0.078831
1403638602.227829 9.659287 7.221914 2.509986 0.797835 0.171861 0.571650 -0.084493
1403638602.327830 9.724171 7.371221 2.518715 0.789234 0.187938 0.576383 -0.097838
1403638602.427830 9.774997 7.519793 2.539392 0.773410 0.195751 0.588721 -0.130103
1403638602.527829 9.820042 7.669276 2.566893 0.749805 0.200961 0.608231 -0.165717
1403638602.627830 9.851486 7.806907 2.600785 0.732806 0.209025 0.617482 -0.194987
1403638602.727829 9.869150 7.928495 2.637830 0.726588 0.225902 0.613913 -0.210115
1403638602.827830 9.867997 8.033808 2.682726 0.722818 0.247074 0.607320 -0.218290
1403638602.927830 9.851239 8.122903 2.730052 0.721182 0.265133 0.596327 -0.232368
1403638603.027829 9.824245 8.198269 2.776657 0.719801 0.278739 0.582720 -0.254220
1403638603.127830 9.791234 8.260242 2.819731 0.712005 0.292728 0.577807 -0.271104
1403638603.227829 9.751530 8.305330 2.851210 0.711358 0.308683 0.568062 -0.275662
1403638603.327830 9.706546 8.338640 2.873346 0.723283 0.325415 0.546164 -0.269577
1403638603.427830 9.659653 8.365357 2.887948 0.734201 0.336553 0.527332 -0.263820
1403638603.527829 9.612600 8.382230 2.897110 0.737713 0.341930 0.519826 -0.261999
1403638603.627830 9.567744 8.403177 2.906841 0.731742 0.344160 0.524576 -0.266321
1403638603.727829 9.520501 8.418113 2.908931 0.723402 0.349032 0.534369 -0.263279
1403638603.827830 9.470664 8.425077 2.902696 0.715391 0.354515 0.544455 -0.257108
1403638603.927830 9.413870 8.429198 2.889294 0.708171 0.359001 0.554080 -0.250215
1403638604.027829 9.350328 8.429302 2.868833 0.703063 0.361611 0.561238 -0.244849
1403638604.127830 9.277905 8.427314 2.848542 0.699972 0.363356 0.565461 -0.241384
1403638604.227829 9.193485 8.426342 2.835180 0.701459 0.361673 0.563443 -0.244293
1403638604.327830 9.098271 8.420018 2.829289 0.708007 0.357629 0.554858 -0.250919
1403638604.427830 8.994047 8.406313 2.830492 0.716115 0.356387 0.544090 -0.253247
1403638604.527829 8.886164 8.387997 2.838637 0.723324 0.358541 0.534353 -0.250437
1403638604.627830 8.775535 8.368452 2.847055 0.726422 0.359447 0.529963 -0.249495
1403638604.727829 8.664131 8.347835 2.848666 0.729031 0.356819 0.526156 -0.253683
1403638604.827830 8.553008 8.324707 2.847261 0.731301 0.354537 0.522888 -0.257081
1403638604.927830 8.442324 8.299671 2.848254 0.735408 0.355599 0.517102 -0.255598
1403638605.027829 8.333477 8.272858 2.853613 0.742562 0.357710 0.506682 -0.252822
1403638605.127830 8.226603 8.245526 2.867344 0.747916 0.359713 0.498695 -0.250064
1403638605.227829 8.126226 8.221368 2.887689 0.749730 0.361870 0.495880 -0.247099
1403638605.327830 8.032029 8.204271 2.905511 0.748690 0.365225 0.497313 -0.242392
1403638605.427830 7.941737 8.193405 2.919220 0.741026 0.370339 0.508145 -0.235624
1403638605.527829 7.849560 8.186179 2.924869 0.730804 0.374795 0.522273 -0.229533
1403638605.627830 7.754862 8.182544 2.924710 0.723362 0.379219 0.532031 -0.223344
1403638605.727829 7.654741 8.184561 2.923747 0.720107 0.381287 0.536146 -0.220483
1403638605.827830 7.546603 8.191848 2.930482 0.720700 0.382092 0.535414 -0.218927
1403638605.927830 7.434388 8.203962 2.947240 0.720108 0.383617 0.536276 -0.216078
1403638606.027829 7.317348 8.225456 2.964651 0.719462 0.385315 0.537567 -0.211964
1403638606.127830 7.193171 8.250032 2.979664 0.719529 0.386185 0.537991 -0.209058
1403638606.227829 7.061656 8.281239 2.983742 0.719714 0.387659 0.537885 -0.205942
1403638606.327830 6.923270 8.317180 2.983709 0.723676 0.385665 0.533517 -0.207160
1403638606.427830 6.777822 8.358921 2.973792 0.733934 0.379921 0.520714 -0.214145
1403638606.527829 6.629190 8.405982 2.959149 0.744497 0.373060 0.506887 -0.222747
1403638606.627830 6.483511 8.458281 2.940167 0.750546 0.371692 0.496386 -0.228311
1403638606.727829 6.339993 8.516896 2.917387 0.751982 0.378147 0.487354 -0.232408
1403638606.827830 6.203689 8.583373 2.889899 0.749459 0.389228 0.479257 -0.239009
1403638606.927830 6.069121 8.654450 2.866376 0.743429 0.403533 0.471762 -0.248828
1403638607.027829 5.943802 8.735991 2.847871 0.735212 0.418466 0.464330 -0.262196
1403638607.127830 5.826930 8.824735 2.839200 0.727667 0.428058 0.457600 -0.279050
1403638607.227829 5.719257 8.919466 2.836065 0.714991 0.434309 0.462583 -0.293564
1403638607.327830 5.618281 9.016543 2.827021 0.703172 0.436450 0.470227 -0.306508
1403638607.427830 5.522644 9.115879 2.808348 0.696583 0.437126 0.473274 -0.315760
1403638607.527829 5.431917 9.213850 2.780706 0.695665 0.437750 0.471142 -0.320080
1403638607.627830 5.345981 9.308767 2.747869 0.694415 0.439030 0.470999 -0.321248
1403638607.727829 5.264495 9.401124 2.712573 0.692032 0.439440 0.474342 -0.320911
1403638607.827830 5.186652 9.490777 2.674381 0.692645 0.439119 0.474235 -0.320186
1403638607.927830 5.109141 9.578910 2.633362 0.696884 0.435676 0.469616 -0.322491
1403638608.027829 5.037689 9.665075 2.586822 0.698597 0.432040 0.468926 -0.324673
1403638608.127830 4.971836 9.749340 2.536408 0.695980 0.431038 0.474820 -0.323055
1403638608.227829 4.910945 9.829358 2.482219 0.691986 0.431638 0.482446 -0.319515
1403638608.327830 4.853407 9.905385 2.423897 0.687013 0.430107 0.490855 -0.319503
1403638608.427830 4.796673 9.975573 2.361310 0.683417 0.429339 0.496139 -0.320085
1403638608.527829 4.739870 10.042848 2.291939 0.685299 0.430008 0.494012 -0.318449
1403638608.627830 4.683380 10.104076 2.221030 0.684507 0.427620 0.495759 -0.320646
1403638608.727829 4.624903 10.158979 2.155438 0.681703 0.425335 0.499011 -0.324591
1403638608.827830 4.568049 10.206910 2.092845 0.684395 0.426706 0.495198 -0.322962
1403638608.927830 4.511419 10.250426 2.038137 0.688323 0.428017 0.489659 -0.321321
1403638609.027829 4.455493 10.287903 1.990013 0.692032 0.428152 0.484146 -0.321528
1403638609.127830 4.401951 10.322189 1.948403 0.693561 0.428818 0.482096 -0.320424
1403638609.227829 4.352733 10.352262 1.911474 0.693578 0.423950 0.481789 -0.327254
1403638609.327830 4.306084 10.378399 1.869570 0.693996 0.420929 0.481221 -0.331081
1403638609.427830 4.263780 10.401275 1.819985 0.693966 0.422873 0.481702 -0.327952
1403638609.527829 4.222784 10.419200 1.763940 0.694048 0.424996 0.482258 -0.324196
1403638609.627830 4.184518 10.437624 1.701130 0.694107 0.425897 0.482738 -0.322166
1403638609.727829 4.149250 10.450445 1.634740 0.692951 0.428078 0.484484 -0.319128
1403638609.827830 4.116948 10.466319 1.571708 0.693995 0.427819 0.482945 -0.319541
1403638609.927830 4.087180 10.474185 1.518339 0.693592 0.427582 0.483589 -0.319759
1403638610.027829 4.063001 10.480016 1.472290 0.692400 0.426004 0.485081 -0.322179
1403638610.127830 4.039402 10.481487 1.434744 0.689549 0.423731 0.489040 -0.325291
1403638610.227829 4.017295 10.478874 1.396864 0.686774 0.422745 0.492905 -0.326608
1403638610.327830 3.995950 10.471569 1.352576 0.685883 0.421511 0.494393 -0.327824
1403638610.427830 3.976219 10.460186 1.302188 0.685550 0.420268 0.495070 -0.329092
1403638610.527829 3.957462 10.443156 1.247601 0.682594 0.420215 0.499446 -0.328691
1403638610.627830 3.936898 10.418288 1.189339 0.675414 0.416201 0.508826 -0.334199
1403638610.727829 3.914550 10.384557 1.131627 0.676098 0.416465 0.507528 -0.334460
1403638610.827830 3.890866 10.342677 1.079155 0.683395 0.419857 0.496907 -0.331324
1403638610.927830 3.870715 10.297007 1.038005 0.686334 0.422410 0.491718 -0.329740
1403638611.027829 3.852491 10.247749 1.000882 0.685304 0.420638 0.492822 -0.332488
1403638611.127830 3.830603 10.191539 0.953088 0.682593 0.419570 0.495797 -0.334983
1403638611.227829 3.814362 10.130819 0.906528 0.682040 0.420548 0.495848 -0.334806
1403638611.327830 3.796386 10.062826 0.861504 0.681382 0.422881 0.496604 -0.332076
1403638611.427830 3.778113 9.988109 0.822432 0.676765 0.429996 0.503815 -0.321346
1403638611.527829 3.756353 9.911383 0.789358 0.673897 0.436907 0.508460 -0.310554
1403638611.627830 3.728921 9.831763 0.761277 0.675787 0.439440 0.506948 -0.305300
1403638611.727829 3.697259 9.749880 0.735863 0.679945 0.437631 0.501761 -0.307228
1403638611.827830 3.664977 9.667473 0.707447 0.685773 0.432608 0.494143 -0.313669
1403638611.927830 3.631509 9.583313 0.674016 0.690548 0.429076 0.488169 -0.317376
1403638612.027829 3.599461 9.499237 0.640098 0.693227 0.427417 0.484709 -0.319073
1403638612.127830 3.569227 9.415665 0.610871 0.695113 0.425811 0.482484 -0.320487
1403638612.227829 3.541731 9.331997 0.590521 0.695650 0.425946 0.482129 -0.319675
1403638612.327830 3.517684 9.248125 0.576382 0.695301 0.426234 0.482741 -0.319126
1403638612.427830 3.496145 9.163402 0.564782 0.694273 0.426008 0.484958 -0.318305
1403638612.527829 3.475565 9.077496 0.546224 0.692250 0.425923 0.489221 -0.316293
1403638612.627830 3.456578 8.991866 0.522216 0.690583 0.427792 0.493015 -0.311490
1403638612.727829 3.432776 8.902806 0.487588 0.688794 0.428877 0.497244 -0.307207
1403638612.827830 3.410346 8.817006 0.453518 0.687859 0.427248 0.500541 -0.306215
1403638612.927830 3.382087 8.728905 0.419792 0.687438 0.424790 0.502660 -0.307108
1403638613.027829 3.353278 8.640583 0.393201 0.689896 0.423787 0.500199 -0.306998
1403638613.127830 3.321779 8.553076 0.375836 0.691414 0.422898 0.498720 -0.307217
1403638613.227829 3.286962 8.463733 0.364677 0.693144 0.422579 0.496628 -0.307147
1403638613.327830 3.253631 8.373209 0.360330 0.693702 0.423111 0.495982 -0.306196
1403638613.427830 3.219033 8.286553 0.360151 0.693001 0.423652 0.496947 -0.305471
1403638613.527829 3.183784 8.200343 0.354975 0.692926 0.420192 0.499314 -0.306557
1403638613.627830 3.144741 8.106523 0.341153 0.694485 0.413960 0.501192 -0.308439
1403638613.727829 3.107199 8.019611 0.323474 0.693503 0.407352 0.505505 -0.312382
1403638613.827830 3.064943 7.921026 0.295778 0.693997 0.399924 0.510867 -0.312159
1403638613.927830 3.026615 7.825668 0.263441 0.698189 0.391143 0.515157 -0.306844
1403638614.027829 2.985965 7.720606 0.226505 0.705297 0.380396 0.519682 -0.296287
1403638614.127830 2.945774 7.616254 0.186229 0.714801 0.367401 0.523266 -0.283317
1403638614.227829 2.904344 7.507356 0.149217 0.724769 0.354123 0.525857 -0.269780
1403638614.327830 2.860980 7.396522 0.118634 0.732681 0.342881 0.527309 -0.259916
1403638614.427830 2.816408 7.284656 0.095120 0.738510 0.333214 0.527922 -0.254696
1403638614.527829 2.771104 7.173416 0.080300 0.742981 0.325051 0.528140 -0.251771
1403638614.627830 2.725185 7.060097 0.073799 0.747502 0.314982 0.529541 -0.248220
1403638614.727829 2.681980 6.946799 0.078589 0.755048 0.300725 0.528247 -0.245809
1403638614.827830 2.641091 6.830618 0.093382 0.765740 0.283683 0.524625 -0.240695
1403638614.927830 2.607316 6.718234 0.117355 0.776141 0.266040 0.523393 -0.229974
1403638615.027829 2.582361 6.607502 0.146980 0.785229 0.245386 0.526122 -0.215399
1403638615.127830 2.563104 6.492702 0.180702 0.791684 0.224061 0.533907 -0.194873
1403638615.227829 2.550183 6.376797 0.220622 0.793730 0.203074 0.547395 -0.170621
1403638615.327830 2.540973 6.262076 0.260712 0.796786 0.179007 0.557713 -0.148475
1403638615.427830 2.533004 6.150062 0.294750 0.800286 0.153097 0.565523 -0.127624
1403638615.527829 2.522088 6.030344 0.320477 0.804189 0.127670 0.570332 -0.108175
1403638615.627830 2.509004 5.910052 0.339802 0.806618 0.106637 0.573876 -0.093068
1403638615.727829 2.493996 5.791568 0.359490 0.808455 0.091818 0.575398 -0.082986
1403638615.827830 2.480283 5.674089 0.385246 0.809670 0.081015 0.576230 -0.076355
1403638615.927830 2.463043 5.557119 0.415380 0.810662 0.068390 0.577126 -0.071241
1403638616.027829 2.446491 5.441163 0.439854 0.812275 0.056533 0.577080 -0.063178
1403638616.127830 2.426208 5.322829 0.457755 0.813206 0.043889 0.577857 -0.053397
1403638616.227829 2.409376 5.205513 0.456716 0.814648 0.027566 0.577642 -0.043795
1403638616.327830 2.389259 5.086039 0.440601 0.815598 0.008580 0.577702 -0.031419
1403638616.427830 2.368517 4.965431 0.413594 0.816249 -0.010328 0.577309 -0.018574
1403638616.527829 2.346192 4.843539 0.382052 0.817042 -0.025895 0.575923 -0.009193
1403638616.627830 2.323501 4.724073 0.347102 0.819948 -0.036859 0.571249 -0.001360
1403638616.727829 2.303110 4.601853 0.308634 0.827147 -0.046442 0.560063 0.000249
1403638616.827830 2.286524 4.481294 0.266639 0.834725 -0.055632 0.547831 -0.004515
1403638616.927830 2.275530 4.358273 0.228729 0.836793 -0.058466 0.544367 -0.004859
1403638617.027829 2.274643 4.229351 0.201896 0.833602 -0.053577 0.549757 0.002144
1403638617.127830 2.277539 4.099679 0.184621 0.829752 -0.046789 0.556093 0.009167
1403638617.227829 2.283197 3.966719 0.171645 0.829574 -0.041127 0.556738 0.012580
1403638617.327830 2.293133 3.834069 0.163730 0.832777 -0.038179 0.552165 0.011767
1403638617.427830 2.308267 3.706953 0.164592 0.836976 -0.034627 0.545999 0.012524
1403638617.527829 2.328838 3.578500 0.170919 0.838732 -0.031293 0.543507 0.012207
1403638617.627830 2.356611 3.453345 0.187365 0.838297 -0.028475 0.544334 0.012145
1403638617.727829 2.392421 3.333390 0.212898 0.836586 -0.024275 0.547122 0.013895
1403638617.827830 2.433400 3.219850 0.245214 0.836474 -0.021646 0.547393 0.014247
1403638617.927830 2.479419 3.112066 0.285028 0.835306 -0.020644 0.549246 0.012884
1403638618.027829 2.529733 3.005278 0.323153 0.834835 -0.019475 0.550027 0.011886
1403638618.127830 2.584918 2.898884 0.354893 0.834949 -0.018989 0.549911 0.009848
1403638618.227829 2.642589 2.797781 0.380437 0.834705 -0.017886 0.550327 0.009357
1403638618.327830 2.704265 2.698583 0.401080 0.834037 -0.016386 0.551379 0.009758
1403638618.427830 2.768508 2.602648 0.417907 0.833931 -0.015367 0.551570 0.009613
1403638618.527829 2.836593 2.510707 0.434037 0.833395 -0.014221 0.552420 0.009076
1403638618.627830 2.908752 2.418714 0.446609 0.833040 -0.016093 0.552854 0.011738
1403638618.727829 2.984763 2.331648 0.461247 0.832817 -0.018323 0.553015 0.015938
1403638618.827830 3.064783 2.247818 0.481262 0.831659 -0.022258 0.554571 0.017279
1403638618.927830 3.147443 2.167919 0.506560 0.829019 -0.027584 0.558102 0.022126
1403638619.027829 3.232648 2.089032 0.527936 0.824586 -0.038874 0.563557 0.030833
1403638619.127830 3.318118 2.012107 0.540944 0.820959 -0.054703 0.566591 0.044816
1403638619.227829 3.404308 1.938872 0.546451 0.817310 -0.076412 0.568097 0.058581
1403638619.327830 3.490014 1.867747 0.542160 0.813625 -0.101258 0.567706 0.073962
1403638619.427830 3.573711 1.801561 0.534119 0.808993 -0.124728 0.567747 0.087388
1403638619.527829 3.657557 1.737880 0.519587 0.804939 -0.143080 0.567857 0.095604
1403638619.627830 3.740215 1.677502 0.510121 0.801898 -0.158660 0.567522 0.098518
1403638619.727829 3.821628 1.617511 0.494982 0.799165 -0.173551 0.567936 0.093080
1403638619.827830 3.900526 1.555683 0.478092 0.796287 -0.182541 0.569525 0.090817
1403638619.927830 3.974505 1.491457 0.459292 0.794679 -0.187583 0.570038 0.091404
1403638620.027829 4.045161 1.424182 0.435633 0.793448 -0.189561 0.570668 0.094047
1403638620.127830 4.108634 1.352971 0.419874 0.790618 -0.189626 0.573987 0.097485
1403638620.227829 4.168263 1.279434 0.408326 0.788398 -0.189074 0.576738 0.100262
1403638620.327830 4.221008 1.203756 0.404411 0.790068 -0.186551 0.574555 0.104293
1403638620.427830 4.268150 1.127202 0.408326 0.791199 -0.184841 0.573312 0.105596
1403638620.527829 4.306547 1.047051 0.415277 0.792467 -0.182598 0.572176 0.106155
1403638620.627830 4.344693 0.968488 0.417856 0.794647 -0.181838 0.569747 0.104206
1403638620.727829 4.380502 0.888782 0.414443 0.797857 -0.182474 0.565740 0.100324
1403638620.827830 4.408088 0.810536 0.407502 0.800856 -0.181013 0.562186 0.099055
1403638620.927830 4.436814 0.731404 0.396294 0.802736 -0.175050 0.560484 0.104069
1403638621.027829 4.465113 0.651570 0.381747 0.801954 -0.169207 0.562497 0.108790
1403638621.127830 4.489986 0.572252 0.367586 0.800805 -0.166181 0.564913 0.109397
1403638621.227829 4.515262 0.496658 0.361953 0.799255 -0.163825 0.567843 0.109116
1403638621.327830 4.542305 0.419523 0.362718 0.799764 -0.160805 0.567701 0.110610
1403638621.427830 4.568057 0.344961 0.361965 0.798579 -0.158729 0.569967 0.110516
1403638621.527829 4.592754 0.272246 0.356235 0.796629 -0.156144 0.573240 0.111339
1403638621.627830 4.611212 0.209039 0.346269 0.794929 -0.154807 0.575957 0.111336
1403638621.727829 4.630937 0.143025 0.330430 0.794161 -0.153601 0.577312 0.111473
1403638621.827830 4.642825 0.088119 0.310958 0.791814 -0.152082 0.580621 0.113052
1403638621.927830 4.652915 0.033160 0.289045 0.788376 -0.150518 0.585399 0.114521
1403638622.027829 4.656787 -0.013173 0.264504 0.786870 -0.150533 0.587556 0.113814
1403638622.127830 4.658658 -0.059035 0.235617 0.787486 -0.152754 0.586645 0.111262
1403638622.227829 4.654445 -0.099235 0.207131 0.787791 -0.154535 0.586205 0.108937
1403638622.327830 4.645543 -0.137312 0.184677 0.787753 -0.156574 0.586122 0.106730
1403638622.427830 4.629871 -0.169029 0.172591 0.788647 -0.155958 0.584607 0.109309
1403638622.527829 4.610133 -0.202271 0.166040 0.788681 -0.154831 0.584301 0.112263
1403638622.627830 4.586447 -0.231654 0.166739 0.787143 -0.152344 0.586043 0.117265
1403638622.727829 4.558046 -0.253810 0.180723 0.779182 -0.150698 0.596332 0.120639
1403638622.827830 4.523695 -0.271693 0.199124 0.769526 -0.150237 0.608460 0.122617
1403638622.927830 4.484398 -0.283063 0.220731 0.769619 -0.151446 0.608114 0.122259
1403638623.027829 4.435039 -0.287889 0.237255 0.775793 -0.154458 0.599972 0.119676
1403638623.127830 4.376643 -0.290200 0.247005 0.781495 -0.158077 0.592362 0.115695
1403638623.227829 4.310730 -0.285227 0.252318 0.784541 -0.160995 0.588289 0.111764
1403638623.327830 4.240034 -0.280918 0.251860 0.787988 -0.162824 0.583621 0.109313
1403638623.427830 4.166849 -0.278356 0.247441 0.790739 -0.162940 0.579835 0.109423
1403638623.527829 4.090455 -0.273682 0.242490 0.791286 -0.163705 0.579127 0.108071
1403638623.627830 4.010924 -0.268403 0.242704 0.790686 -0.162447 0.579760 0.110925
1403638623.727829 3.927503 -0.262033 0.250640 0.791401 -0.162095 0.578549 0.112654
1403638623.827830 3.839707 -0.253877 0.263635 0.792252 -0.161842 0.577120 0.114352
1403638623.927830 3.747226 -0.243733 0.278069 0.793927 -0.162512 0.574301 0.115970
1403638624.027829 3.653179 -0.232661 0.287675 0.794543 -0.163679 0.573070 0.116197
1403638624.127830 3.557329 -0.223045 0.295082 0.795043 -0.166510 0.572029 0.113861
1403638624.227829 3.460438 -0.210887 0.296268 0.794952 -0.169361 0.571807 0.111375
1403638624.327830 3.364469 -0.197603 0.294004 0.794247 -0.171368 0.572397 0.110303
1403638624.427830 3.267162 -0.184358 0.286767 0.793986 -0.172706 0.572366 0.110258
1403638624.527829 3.167343 -0.172928 0.276817 0.790790 -0.174993 0.576285 0.109193
1403638624.627830 3.066902 -0.161626 0.263753 0.781120 -0.177421 0.589056 0.106706
1403638624.727829 2.961881 -0.150359 0.249121 0.783611 -0.170679 0.586937 0.111032
1403638624.827830 2.852825 -0.140248 0.243131 0.790645 -0.161078 0.579575 0.114137
1403638624.927830 2.741827 -0.124834 0.243600 0.795157 -0.155703 0.575379 0.111449
1403638625.027829 2.631212 -0.112585 0.249172 0.796753 -0.153950 0.575011 0.104140
1403638625.127830 2.519807 -0.095963 0.250932 0.797778 -0.154538 0.574864 0.095914
1403638625.227829 2.405779 -0.080203 0.247254 0.798892 -0.153668 0.574203 0.091921
1403638625.327830 2.299003 -0.071729 0.244416 0.799311 -0.152151 0.574259 0.090434
1403638625.427830 2.190950 -0.063963 0.242512 0.799218 -0.150873 0.574806 0.089923
1403638625.527829 2.079886 -0.052974 0.245618 0.799039 -0.150385 0.575188 0.089883
1403638625.627830 1.970875 -0.044221 0.254963 0.800522 -0.150191 0.573093 0.090401
1403638625.727829 1.859747 -0.036436 0.269850 0.803438 -0.150961 0.568961 0.089342
1403638625.827830 1.749144 -0.029481 0.282174 0.807784 -0.151986 0.562620 0.088567
1403638625.927830 1.650839 -0.029815 0.294327 0.808861 -0.151724 0.560963 0.089689
1403638626.027829 1.546443 -0.028439 0.297565 0.809606 -0.152742 0.559624 0.089610
1403638626.127830 1.443634 -0.027732 0.296445 0.810021 -0.154653 0.558770 0.087891
1403638626.227829 1.351953 -0.030460 0.288120 0.809894 -0.154015 0.558879 0.089475
1403638626.327830 1.254038 -0.033988 0.279016 0.807983 -0.150137 0.561642 0.095816
1403638626.427830 1.165466 -0.036752 0.265742 0.805871 -0.146023 0.564757 0.101485
1403638626.527829 1.072886 -0.039207 0.250173 0.807173 -0.144625 0.562999 0.102901
1403638626.627830 0.983564 -0.040740 0.234072 0.809245 -0.145381 0.560047 0.101657
1403638626.727829 0.901044 -0.041403 0.219794 0.812088 -0.146139 0.556031 0.099928
1403638626.827830 0.819106 -0.041490 0.213076 0.815311 -0.147103 0.551351 0.098187
1403638626.927830 0.744137 -0.042004 0.214257 0.817576 -0.146634 0.548117 0.098162
1403638627.027829 0.674139 -0.042827 0.219738 0.817682 -0.146456 0.548124 0.097500
1403638627.127830 0.608904 -0.043789 0.221688 0.817473 -0.146288 0.548614 0.096749
1403638627.227829 0.549430 -0.046230 0.210679 0.817317 -0.146069 0.549014 0.096126
1403638627.327830 0.493887 -0.049630 0.200394 0.817392 -0.143793 0.549044 0.098716
1403638627.427830 0.443519 -0.052154 0.190193 0.817271 -0.142747 0.549286 0.099881
1403638627.527829 0.398355 -0.054772 0.178015 0.816945 -0.143029 0.549754 0.099571
1403638627.627830 0.357903 -0.056491 0.164430 0.814910 -0.141526 0.552557 0.102828
1403638627.727829 0.326371 -0.055642 0.143678 0.811865 -0.141373 0.556865 0.103872
1403638627.827830 0.314946 -0.056283 0.128044 0.810563 -0.141111 0.558595 0.105105
1403638627.927830 0.290103 -0.055617 0.112388 0.811749 -0.141079 0.556731 0.105883
1403638628.027829 0.264021 -0.053877 0.094808 0.813380 -0.141039 0.554126 0.107076
1403638628.127830 0.245106 -0.049009 0.081960 0.814330 -0.141594 0.552475 0.107656
1403638628.227829 0.223071 -0.041892 0.070288 0.814433 -0.142323 0.552062 0.108036
1403638628.327830 0.204436 -0.034436 0.060859 0.815167 -0.143405 0.550784 0.107587
1403638628.427830 0.190002 -0.025511 0.053951 0.814719 -0.145471 0.551391 0.105067
1403638628.527829 0.179290 -0.015658 0.050240 0.808862 -0.151766 0.559776 0.096745
1403638628.627830 0.169578 -0.006329 0.049298 0.802046 -0.156431 0.569269 0.090466
1403638628.727829 0.166515 0.003425 0.046844 0.801568 -0.158237 0.569817 0.088080
1403638628.827830 0.166845 0.008818 0.039733 0.803113 -0.156254 0.567610 0.091726
1403638628.927830 0.163475 0.011849 0.028901 0.803211 -0.153873 0.567387 0.096160
1403638629.027829 0.163583 0.014422 0.018892 0.804253 -0.150466 0.565954 0.101159
1403638629.127830 0.157185 0.018903 0.013089 0.805602 -0.147695 0.564123 0.104677
1403638629.227829 0.146243 0.023457 0.006558 0.806601 -0.146196 0.562766 0.106372
1403638629.327830 0.134638 0.028545 0.002880 0.807406 -0.145486 0.561548 0.107671
1403638629.427830 0.126495 0.036254 0.001077 0.811481 -0.146435 0.555480 0.107228
1403638629.527829 0.129060 0.042166 0.001531 0.816153 -0.148998 0.548445 0.104408
1403638629.627830 0.134996 0.048361 0.003441 0.816463 -0.154349 0.547816 0.097275
1403638629.727829 0.143155 0.053112 0.007611 0.812454 -0.161976 0.553253 0.087142
1403638629.827830 0.150849 0.055787 0.010474 0.806427 -0.165223 0.561641 0.083291
1403638629.927830 0.157713 0.054827 0.006548 0.800289 -0.162495 0.570356 0.088468
1403638630.027829 0.161799 0.051240 -0.006723 0.794466 -0.155287 0.578647 0.099385
1403638630.127830 0.162209 0.048658 -0.031417 0.794862 -0.150658 0.578158 0.105974
1403638630.227829 0.159588 0.047420 -0.062607 0.798960 -0.148602 0.572539 0.108531
1403638630.327830 0.155166 0.046891 -0.100284 0.805595 -0.148124 0.562841 0.110838
1403638630.427830 0.163811 0.050436 -0.102927 0.811792 -0.154570 0.554856 0.096111
1403638630.527829 0.174230 0.051005 -0.094829 0.802250 -0.147209 0.568905 0.105215
1403638630.627830 0.183052 0.052591 -0.106878 0.801443 -0.147564 0.569805 0.105999
1403638630.727829 0.187835 0.050659 -0.124850 0.827686 -0.140842 0.534611 0.096386
1403638630.827830 0.178927 0.047343 -0.129546 0.825131 -0.142793 0.537230 0.100760
1403638630.927830 0.173014 0.047663 -0.134657 0.825994 -0.140999 0.536564 0.099762
1403638631.027829 0.165896 0.047169 -0.138154 0.826236 -0.141228 0.536237 0.099193
1403638631.127830 0.158284 0.047863 -0.142787 0.826269 -0.141585 0.536171 0.098762
1403638631.227829 0.149956 0.048676 -0.147275 0.826277 -0.141463 0.536157 0.098945
1403638631.327830 0.142110 0.049348 -0.151377 0.826167 -0.141532 0.536307 0.098951
1403638631.427830 0.133764 0.050038 -0.155459 0.826183 -0.141376 0.536284 0.099165
1403638631.527829 0.125469 0.050602 -0.159192 0.826276 -0.141483 0.536109 0.099188
1403638631.627830 0.117122 0.051138 -0.162806 0.826352 -0.141332 0.535988 0.099417
