35.7881
39.8089
37.4526
34.4054
35.5091
42.7227
33.9111
35.1999
33.4111
32.6814
60.4945
30.4229
40.5848
33.4098
32.0995
34.0541
33.8129
32.1545
33.552
32.9837
32.554
36.656
37.3921
38.3403
37.3466
37.4453
50.9696
34.3246
31.5661
32.8047
32.6638
32.1759
31.8338
35.3564
42.6884
38.2326
38.1951
36.9543
36.6475
34.4993
39.9496
36.5276
36.1401
41.0814
32.602
32.6778
34.8982
33.7019
34.2922
35.9382
35.4471
33.8534
33.9416
35.3985
34.1323
34.4313
37.9309
37.3837
35.5296
46.7754
36.3632
40.1473
34.1329
35.6384
36.0493
43.5911
33.7765
34.5687
36.1176
34.8545
31.6074
33.707
33.7386
36.0508
37.044
34.8696
36.1953
35.6831
42.1097
35.6812
36.9212
37.8156
36.4148
38.1016
38.1477
36.4193
37.643
37.2486
39.3324
37.6199
35.2561
38.2274
37.7149
39.1878
36.0901
37.2391
35.9965
37.3793
36.1143
38.0815
36.3671
37.8825
38.0936
35.8657
37.273
37.7511
36.6801
36.3093
35.7369
36.27
37.4223
37.5432
36.9787
37.0918
36.2134
36.2299
37.3782
37.0115
37.9433
37.1878
36.2351
37.7152
35.609
37.3339
35.8866
35.5532
35.9146
34.6862
35.816
36.6636
37.0627
36.5919
34.3776
36.8391
36.0278
34.8035
35.1525
38.2842
36.7542
40.0373
35.7259
37.2128
36.4525
35.7755
36.6703
35.7725
37.4921
36.508
34.8285
35.626
35.6792
35.1076
36.744
36.7475
35.2348
37.3514
36.1535
37.1763
37.9847
39.3329
37.6616
38.7925
37.8423
40.9327
39.8127
37.2606
35.498
38.31
35.379
34.957
35.2349
36.8796
35.8422
36.683
44.1609
46.8858
42.4536
38.8853
36.4455
36.4068
35.6799
35.7306
35.0468
35.6212
36.4001
36.5911
37.1165
40.3459
37.4678
40.8214
38.5641
41.6453
37.6716
47.0448
39.7764
37.1416
37.7004
39.1271
50.0854
41.4087
36.6794
42.5721
36.8303
42.4737
37.63
35.656
35.1916
36.5668
36.7533
36.7648
38.6506
40.7745
39.4899
37.247
36.8688
37.7115
36.9189
38.5666
39.2992
38.1518
36.731
40.3657
36.6896
37.5835
38.9555
36.6913
37.3026
37.7608
38.0211
37.4538
38.3971
37.8932
36.2204
38.7019
39.8855
36.7278
40.2909
37.3378
36.4322
37.896
39.5613
37.1351
36.548
37.6514
39.0994
39.4829
37.0604
37.6979
42.0457
39.7725
39.0458
36.9421
37.9413
37.2208
38.2018
38.318
39.4951
38.1995
38.3084
39.2283
36.9913
36.8455
37.3953
37.2533
38.9042
37.1227
37.9266
49.0545
38.8604
38.9124
39.9766
39.8027
42.5445
36.9404
37.3251
37.9895
37.1472
39.2165
35.4034
37.3301
36.253
37.815
39.1685
39.0148
38.3238
38.2983
36.8778
39.5422
37.8115
38.1318
36.3579
36.5517
38.4551
36.1055
36.3284
36.5449
35.1757
42.3216
36.7587
36.0935
37.6542
36.8183
37.1645
36.1247
36.83
35.3077
33.6878
36.0573
38.0924
37.2997
38.6135
36.1412
37.9892
38.5851
39.0241
36.793
38.5452
39.072
38.724
38.5438
36.7592
36.3728
36.7321
37.1636
37.6746
38.3969
40.2034
40.3762
39.4348
41.1077
41.311
38.4992
40.0369
39.9664
39.778
39.1956
38.1727
43.7502
37.0005
46.211
37.6012
37.8614
35.4853
37.9734
38.5825
37.4047
38.5692
36.5952
38.7636
34.514
36.8575
37.2702
38.7284
37.2863
39.0312
38.8102
37.6962
36.5778
35.3474
38.155
36.892
38.2077
37.834
43.1886
37.6095
36.2949
37.1673
34.5413
36.6841
35.1701
37.9732
37.4272
35.9576
38.2879
38.2824
37.0634
35.7329
38.4348
38.8477
38.7403
37.9972
38.6204
37.735
37.4453
36.7769
35.7854
36.9358
37.41
38.1998
37.1853
33.4174
35.0677
36.3301
34.4542
36.9776
43.2785
45.0472
37.9484
37.2231
36.1775
38.1368
36.6856
36.1129
36.4306
37.6822
38.6516
42.913
37.5381
35.5379
35.5263
38.1264
36.4872
36.3591
37.3447
38.9166
36.7283
37.8869
39.1484
35.5504
45.7539
33.0037
52.378
36.1202
33.062
35.7979
35.1006
32.486
33.6668
32.2388
32.9927
36.4046
34.9686
32.2412
33.7707
35.1321
33.1692
33.6409
35.9492
34.7493
33.98
34.9068
36.3283
35.6396
40.1067
36.9175
37.3967
37.511
38.0369
37.7189
37.0147
38.8385
38.3506
37.7211
37.4277
37.3938
38.315
39.2684
40.1565
41.0047
42.5952
42.2722
42.9661
42.9274
42.5193
41.0951
41.7656
44.5979
43.7495
40.5574
38.2746
37.503
37.868
38.5477
37.5586
40.3331
37.6425
38.7303
38.8132
39.7529
38.7949
38.4409
38.3641
37.147
35.5125
35.5558
39.2292
35.8344
36.6268
36.7178
35.5125
38.048
37.0001
37.3846
35.0522
36.2554
37.4159
33.4548
32.7978
34.0957
37.1698
40.4211
37.0365
35.5879
35.6327
33.8755
35.2165
34.2701
32.904
44.7042
33.3072
33.1285
31.247
29.8685
35.1723
32.1699
32.8659
33.7189
35.1859
35.4272
36.6509
35.7426
36.8749
34.0473
34.3775
33.9574
36.812
37.0472
36.1465
35.1654
35.3737
35.4411
33.8725
31.9686
32.5627
31.2087
35.0178
34.4101
31.6881
32.2506
33.5277
32.2694
32.8256
34.0818
31.3744
31.7088
34.0305
33.2936
33.6786
34.387
33.3519
31.6668
31.5065
32.1784
31.8962
31.1235
31.9806
30.2391
30.4624
29.5118
32.3574
30.6677
31.5544
30.8605
30.8527
31.1284
30.2583
30.4651
27.7393
28.1624
30.852
32.4407
31.8449
31.7801
31.7519
29.3213
30.7396
31.1895
32.0881
32.9593
31.4424
32.7665
31.1856
30.6154
29.8664
31.9632
31.7296
29.379
30.7252
28.182
29.6616
26.5971
29.0537
27.5767
28.6673
27.6967
27.6167
26.1398
24.7895
26.2439
25.4309
32.3949
26.5383
26.0874
27.7664
27.6587
27.8074
29.2382
26.6981
26.2156
27.3533
27.4392
27.2631
25.2382
26.2506
26.7139
26.9369
27.5507
28.4758
26.6766
28.0421
28.4232
29.5033
30.3332
29.6227
29.1953
28.6314
30.4681
30.4299
31.0205
31.9078
31.8628
29.3731
30.0784
33.6486
31.4646
32.1409
32.1032
31.2484
32.3123
31.2132
31.9507
34.9369
33.2188
32.2715
34.1526
33.1284
30.7262
32.3432
31.7125
41.2574
31.3319
33.9572
34.9442
35.9561
36.5885
37.9862
38.2047
35.9769
36.3267
34.9809
35.36
37.3702
34.2959
36.3129
35.8933
34.3269
35.7539
37.9886
36.264
36.4998
38.5584
37.558
38.2924
42.3195
39.6616
40.4351
42.4645
41.3604
39.0652
39.189
40.0955
38.5522
38.4652
48.4019
36.8778
37.2548
37.5205
36.106
36.4693
38.0744
35.6527
35.8669
41.3819
36.5952
38.6914
35.1843
36.0323
36.172
36.6683
36.2239
36.2195
36.6798
37.6018
38.3295
38.1257
37.0526
38.0389
40.3053
37.889
38.7976
39.2908
38.1119
37.5122
39.1815
38.5972
37.829
39.6247
39.3126
37.1815
37.7755
38.1731
38.0224
37.8605
39.1112
39.636
37.8671
40.3841
39.3918
37.5546
37.4988
37.44
38.8281
38.507
38.366
36.9392
48.1766
35.511
37.1674
47.6484
38.1651
37.2207
38.5641
37.0354
35.676
36.1849
40.5854
34.4018
35.5486
37.2091
38.0359
36.4809
38.0628
36.6566
34.3108
37.0879
35.2119
37.3539
34.1039
36.1783
36.3317
40.0802
37.0591
36.8067
33.1075
31.5779
34.508
32.026
33.0078
33.8534
34.9324
36.2804
35.0715
33.1376
35.7049
33.1462
33.3536
35.1521
32.6845
34.7609
33.2102
32.5544
34.4233
34.4513
34.0288
33.6767
36.8716
32.8825
37.5467
35.6415
33.7901
35.8693
33.5824
34.0563
38.9628
36.9557
34.1465
34.9428
34.44
35.658
35.5331
36.5196
38.7901
35.8611
36.6323
35.4044
38.2458
38.3331
39.4463
36.5419
40.0417
38.9487
38.7103
40.83
39.2799
40.0971
39.3435
40.2477
35.9562
38.3608
38.3567
36.2088
36.6876
36.2673
37.2838
38.2663
38.2966
37.7009
38.312
38.6439
38.3876
40.4453
39.5968
38.9567
36.7843
36.1681
36.0996
37.4897
36.8295
40.1923
38.4895
37.8624
36.594
45.4015
39.817
39.0336
39.596
37.0271
37.9093
36.27
38.7434
39.3231
36.8113
38.0315
38.3924
38.981
39.3101
40.8957
39.0675
36.8223
39.4174
38.8214
36.2024
34.2658
35.2528
34.8216
36.8136
36.7864
37.2422
37.1348
38.9176
35.9886
35.6159
36.1473
37.7034
37.8624
38.982
39.0783
38.306
40.7468
38.2625
38.3237
38.4682
37.6747
37.1605
38.0682
38.0181
37.8597
38.9002
39.5745
36.7399
37.8755
40.1354
40.3534
39.7316
39.88
41.8353
41.0783
45.2045
43.907
43.7355
40.4813
41.5785
40.5956
38.6614
39.4278
37.946
37.3034
38.7046
36.9343
37.884
39.2656
34.2769
34.9527
34.6022
33.7345
33.9994
35.9595
36.2228
37.3975
36.7076
36.625
37.3752
35.8831
35.6902
34.9207
35.5688
37.1899
34.9035
37.1882
36.0805
39.146
37.2653
36.8167
36.4443
38.3288
39.7727
38.6577
37.4751
36.7463
37.8213
34.3537
38.3612
37.8551
40.5467
39.0617
38.1808
37.9018
44.0066
38.2428
37.1451
38.3221
37.6616
40.4349
39.7551
37.394
36.2386
36.9666
37.426
37.6028
39.2976
37.6843
38.1905
37.942
38.4131
39.6205
35.2134
40.0303
38.7272
39.1396
38.9588
38.6814
38.8244
36.7862
38.2969
38.9289
44.8399
37.6017
38.9113
38.0765
37.8935
37.9085
36.9966
38.3649
38.8347
37.5218
38.6812
41.1071
41.0465
39.1181
40.0532
40.2557
39.1283
40.0521
39.567
39.842
40.6793
42.1378
37.7479
38.327
41.1697
37.5296
39.2137
40.4527
39.1384
38.0155
39.4178
39.0874
39.5488
38.4966
41.3243
49.7463
40.0179
41.1422
42.221
40.8443
42.2276
40.7944
40.4674
39.3151
40.0067
38.9337
40.6815
39.4333
43.7184
43.549
41.2782
42.7207
42.4723
42.1498
45.8425
45.5731
42.8282
43.2713
51.4842
42.7554
38.9577
38.8207
38.4412
39.8962
38.7506
38.8667
42.3613
39.1312
39.5381
44.0766
40.1655
40.8653
40.44
41.2052
42.6397
40.2646
38.1658
36.4737
35.4253
34.4297
34.4285
34.7841
33.1637
31.8327
29.2016
28.5821
26.6558
27.6003
28.8289
28.7533
29.4303
28.7256
29.4025
28.9975
