111.549
78.522
72.2675
48.1091
60.663
76.4918
76.2176
78.4292
76.9213
75.8866
77.4251
93.2582
78.1042
77.9115
77.1884
80.3475
75.5072
61.5186
47.0049
41.367
76.4116
45.4367
82.4058
82.7155
67.9617
52.6172
52.0018
29.9711
77.6426
53.5091
83.0696
40.9692
72.6274
52.0658
93.1601
84.445
71.087
79.7284
78.7997
78.0389
79.6121
80.0536
81.0456
78.823
78.1824
75.699
78.4647
80.963
78.183
64.6178
77.906
64.7049
77.1914
80.5819
77.5872
78.2157
82.2372
59.6976
75.3134
55.1694
37.4594
60.4879
83.4844
83.7331
82.3766
79.9896
80.2816
80.7693
76.741
78.2246
74.5853
71.3921
63.9126
72.4371
51.3892
77.8319
80.2626
77.812
81.8198
83.505
84.7458
87.6153
88.3157
85.8163
86.1666
87.208
88.3334
86.8186
88.198
85.6991
86.0049
99.7683
89.9647
108.168
85.9664
86.9962
86.8487
86.1998
87.4823
85.7922
88.8688
87.1738
87.1382
86.7428
86.0857
86.3214
86.524
80.2458
79.3705
78.6437
78.4172
48.5733
55.1628
70.4575
74.6713
62.8612
75.1482
46.6455
57.0869
94.1747
70.5783
45.6134
45.6953
58.3502
47.0021
64.9041
54.1066
69.224
45.8207
69.8849
37.9847
65.6605
69.2887
69.409
78.5975
78.5986
70.9132
70.7472
87.2245
45.5745
46.9676
72.2244
53.6357
54.7928
69.1641
69.7466
77.6709
61.7834
45.3107
45.499
77.7853
85.0358
45.1158
45.7905
77.8098
54.9009
69.8264
45.4845
47.8672
53.8181
57.2695
88.9116
87.6823
89.4001
88.362
82.0631
78.2647
78.2115
77.8961
79.5157
78.5655
78.0004
74.1907
73.3392
86.9162
87.012
85.6341
82.9338
77.2388
93.7612
85.9799
33.0347
88.8573
92.1057
67.1606
90.7761
93.7905
50.0651
109.532
79.5223
96.8765
94.979
68.9687
92.891
94.4132
93.7079
90.5307
94.1018
92.0572
92.6914
80.1414
90.9511
89.308
60.4949
91.8544
90.0193
92.0333
88.0493
91.5925
90.4719
72.1236
71.7947
108.692
92.2252
90.5401
91.7162
93.6583
93.5194
91.149
91.1524
91.5129
96.7325
94.9613
95.2361
95.6384
96.8531
95.2517
94.4641
95.3878
94.0037
95.8986
93.1053
94.8207
113.407
97.9548
96.1456
118.136
95.3189
92.9407
94.7054
94.2706
81.3715
96.4605
97.9333
74.4967
97.6525
96.3622
95.0063
93.9072
56.9616
96.1712
56.3597
95.1289
86.4959
94.2958
93.5123
70.3372
93.3805
63.2388
111.211
88.5064
96.2429
111.914
109.129
94.228
89.9364
85.3271
93.5337
91.3939
93.3242
76.5786
118.76
62.6866
89.7125
62.5689
111.601
86.7652
88.307
83.7554
84.902
107.517
87.3007
88.6169
90.8575
89.461
71.7465
88.5226
87.1623
88.3935
89.6736
88.6635
86.828
90.4091
89.5459
86.4332
87.3895
53.0506
70.4244
89.3678
83.6256
86.9734
76.0332
89.4737
88.9624
65.4727
61.74
87.1335
90.0481
91.8108
34.5202
94.7298
93.6978
93.0756
91.0372
77.4882
92.309
90.2154
88.6667
90.5108
90.3537
90.7741
88.2098
79.1656
88.6692
90.3485
91.9633
90.3142
89.6789
88.0813
88.9488
85.9866
86.0555
87.1377
88.5433
89.4048
76.8354
91.6555
91.1424
92.107
94.901
92.0745
90.8327
90.7322
78.0034
113.462
93.0472
93.6344
90.8462
89.031
91.4738
91.687
101.272
89.953
93.175
66.9266
92.0971
90.5738
91.1716
89.1633
91.0583
87.7743
89.3679
87.8088
90.2763
91.5204
89.5697
87.9042
88.1293
88.5851
90.1445
89.7673
56.4491
87.3576
90.6657
88.4029
69.3653
65.066
82.3076
82.5378
112.094
89.3787
86.7128
86.8764
88.2279
86.1357
87.5863
78.3496
107.733
91.4627
108.633
93.8751
92.4537
89.6119
90.1239
90.4959
92.0859
88.8102
62.2916
89.5002
89.1708
85.7994
104.651
86.957
87.9157
84.2316
85.8331
92.5799
93.8747
62.9731
108.752
90.9023
82.3256
110.259
90.4374
92.4957
89.6854
92.2997
95.7922
92.1196
93.2448
92.927
87.6469
91.5084
91.2788
92.106
92.7057
85.9351
89.503
89.1267
84.0196
83.609
65.4155
79.6581
78.5237
80.4518
77.6712
68.8793
75.7812
77.164
71.7353
77.2934
78.5939
73.5423
74.4596
75.0472
73.7224
76.0967
80.2638
66.9247
80.4548
84.7609
83.9408
85.542
87.597
90.8363
110.594
91.551
93.9005
89.7843
91.6374
93.138
92.2046
62.5351
93.9177
95.4443
96.9456
96.8199
98.0039
88.1846
96.1512
99.7478
97.655
88.6805
85.8862
107.497
108.963
119.73
99.7625
97.9614
97.6125
96.8025
67.132
66.5265
95.2778
96.9041
92.3726
92.7738
90.4836
93.7381
95.219
63.7156
110.313
85.2742
77.2799
57.2963
101.556
107.619
109.792
86.6009
83.535
96.8152
86.5215
70.0163
86.6915
84.0433
84.6149
65.4135
80.1011
84.6783
85.8588
86.5703
85.9462
81.1856
81.3264
80.2062
74.8776
67.0009
73.8736
73.34
72.1442
72.6265
61.1071
73.8041
76.8338
58.5839
56.8287
64.9157
61.226
53.032
85.5833
72.2286
86.8937
82.9276
74.1581
85.6872
68.8892
77.2547
63.4687
84.0261
63.4903
62.9129
54.9026
58.8893
78.6992
54.9706
76.2126
73.3752
69.7048
76.4882
78.0946
76.3108
41.1411
64.7897
68.6729
74.0417
76.4187
64.8241
57.2766
59.2544
48.8976
72.1078
80.418
72.3587
62.2543
59.6459
71.0095
72.4078
73.1983
83.925
52.504
67.8169
75.606
72.9659
64.4634
70.6236
50.2724
64.0807
57.0477
60.8688
63.1119
65.133
64.364
63.6665
74.3133
68.1707
67.2734
69.0908
65.2623
27.6097
66.4517
68.6125
70.3669
68.6301
67.6633
30.5352
32.2774
61.4774
56.1862
65.7882
49.4954
63.1712
60.0722
60.1773
61.1662
60.6034
57.7155
58.2327
56.8286
57.4091
55.9807
58.0721
57.7809
58.9981
56.9743
58.759
46.9419
53.7004
57.1475
37.8387
42.8338
54.5979
55.7521
57.9865
60.0123
59.4758
62.8274
62.6314
60.6194
39.8772
65.0226
34.2309
64.3335
67.4315
66.5292
66.4427
68.1541
71.2616
69.2985
69.4257
71.0605
68.8426
70.1336
69.3134
74.4051
88.629
75.6649
71.9336
72.9706
73.1539
55.8965
71.4392
76.45
87.6623
76.0826
59.4402
74.2236
72.0714
72.5967
74.5975
82.0827
78.4015
74.4183
73.4473
77.3598
92.9275
77.6522
80.4002
78.3477
78.0942
80.162
77.0894
87.5234
77.0994
70.3739
46.0469
83.1105
50.5194
86.7197
87.5195
88.8502
86.5279
85.9087
93.7636
101.906
92.8413
90.8895
93.1279
94.1977
92.1212
96.9226
97.1901
93.494
92.4357
90.7058
102.087
91.0282
112.156
88.0029
88.0621
93.9224
89.3489
88.4972
89.266
108.493
56.5421
91.0355
89.5165
88.8072
79.5271
54.086
65.5043
62.6629
70.9562
86.8823
91.5206
56.1862
90.818
85.2524
56.2025
60.4362
85.3465
82.9558
91.7574
55.9535
77.6701
84.7476
87.4745
96.1302
108.445
93.0752
93.7603
92.7518
95.3895
93.7666
94.9941
95.5051
93.3206
94.2584
95.7093
95.3975
80.6741
93.0466
95.2005
92.9946
94.4287
93.4451
90.1731
89.9012
89.3154
89.5294
87.9017
90.9693
87.1189
83.2234
85.795
84.0605
83.8268
83.8463
86.8877
87.7673
85.9799
88.0344
86.4069
86.315
88.7453
85.6944
83.7368
83.026
83.2269
83.8954
83.9906
84.0178
78.745
78.3486
74.8666
74.5744
76.7187
75.0276
76.019
78.871
79.7886
75.5166
57.2098
77.9291
81.1203
93.1338
78.881
80.6856
80.7047
76.2512
89.6746
80.0456
66.7699
79.4574
77.3611
65.8173
79.8504
82.8801
78.2494
94.1071
89.3466
74.2589
80.3352
83.3066
64.9991
89.4511
86.5105
77.7739
85.145
76.7936
110.127
80.2866
88.0037
73.8295
86.7245
63.8188
87.5357
88.9138
88.7484
92.5822
89.9995
92.0186
87.1682
91.666
91.7981
90.9427
90.7476
91.3282
91.0224
92.9499
91.0583
91.3193
86.5057
90.6257
108.27
94.5164
94.4443
92.6887
93.5088
98.2208
91.7237
92.9933
90.5694
88.7872
86.3055
87.6745
84.2885
87.2218
86.1856
87.5012
86.3922
86.9459
86.5171
92.3484
90.9299
89.9483
89.4335
118.089
93.5951
88.0561
84.8799
84.6235
86.175
86.3877
89.8168
87.6418
88.365
90.4663
88.973
88.2447
86.6087
38.1634
86.7395
91.6453
83.1969
84.8736
55.9374
81.809
78.0425
56.4606
80.9289
48.9099
88.5008
90.3058
92.3639
47.8792
91.2086
79.568
92.8098
90.6806
93.0584
85.1238
102.056
91.8601
92.5525
88.7749
93.3998
89.4187
77.8561
74.2495
49.8958
96.2453
94.9014
97.5929
95.2759
69.5308
60.1345
100.237
100.257
117.805
46.0481
96.097
70.1827
95.6491
96.1277
91.4382
87.622
88.6888
88.5648
57.3101
68.3105
87.2797
101.556
81.0976
80.9348
82.8425
84.5678
80.2451
79.0932
80.0234
76.1814
74.4137
77.8569
96.2415
81.7115
80.4414
84.0433
84.2382
85.0986
89.2962
89.4075
62.0652
87.2392
70.3377
107.283
62.494
93.4558
88.9616
93.2657
88.6549
86.5398
68.8904
76.8625
98.1709
71.2217
92.8751
85.4859
96.5997
96.6472
93.917
94.9111
125.25
90.6032
95.8905
33.4797
89.3187
87.7833
90.1324
93.5891
92.9896
35.1924
92.8016
92.0835
94.0555
93.2303
94.7841
96.5338
96.1149
92.5778
98.1326
94.0793
93.2123
93.7871
97.4701
98.8592
95.7843
94.6085
68.0409
66.9508
101.577
96.4024
39.8878
94.7993
94.6265
96.6602
94.4378
101.309
95.9181
95.7129
118.141
71.1481
96.8166
96.7157
87.566
109.431
100.503
75.527
95.7027
40.8891
110.049
49.5872
51.0758
59.2001
80.9662
116.702
98.4485
98.5879
96.1384
96.2891
93.1412
98.6147
98.3855
99.8099
95.9364
96.2968
98.7536
66.9737
97.8378
97.1993
97.6214
79.1438
95.8072
101.346
70.0851
84.8858
64.3551
99.9133
97.1727
88.7607
89.0535
97.8098
49.6233
62.4765
99.4018
93.1308
100.06
53.2204
98.9421
80.2003
92.54
89.5697
99.2725
97.9069
99.0846
89.0295
69.594
51.9756
76.9697
90.9512
58.1631
88.5721
43.524
40.7581
92.3034
90.9117
82.7539
93.5371
81.3603
81.1755
93.0308
59.6422
88.7891
69.4491
86.2412
87.1105
84.6958
93.2769
72.9887
65.7239
59.0189
59.3595
55.8976
54.5268
52.7266
52.4555
52.3348
53.6631
52.1646
52.9144
