0.433333 -0.064146 2.089874 0.667696 0.042751 0.044059 0.050337 0.996844
0.466667 -0.079593 2.297890 0.683925 0.041618 0.047235 0.055445 0.996475
0.500000 -0.096677 2.505637 0.689258 0.040405 0.050348 0.060560 0.996075
0.533333 -0.115396 2.713091 0.683634 0.039117 0.053393 0.065681 0.995643
0.566667 -0.135748 2.920231 0.667115 0.037754 0.056366 0.070809 0.995180
0.600000 -0.157577 3.127030 0.639905 0.036325 0.059328 0.075939 0.994683
0.633333 -0.181174 3.333472 0.602251 0.034821 0.062145 0.081081 0.994159
0.666667 -0.206397 3.539533 0.554589 0.033251 0.064878 0.086229 0.993604
0.700000 -0.233248 3.745188 0.497439 0.031616 0.067524 0.091383 0.993021
0.733333 -0.261715 3.950417 0.431424 0.029919 0.070079 0.096546 0.992408
0.766667 -0.291798 4.155198 0.357268 0.028164 0.072540 0.101715 0.991766
0.800000 -0.323496 4.359507 0.275780 0.026353 0.074904 0.106891 0.991095
0.833333 -0.356804 4.563324 0.187853 0.024489 0.077167 0.112074 0.990396
0.866667 -0.391821 4.766605 0.094603 0.022592 0.079280 0.117265 0.989673
0.900000 -0.428348 4.969368 -0.003252 0.020632 0.081333 0.122461 0.988920
0.933333 -0.466476 5.171573 -0.104494 0.018629 0.083277 0.127664 0.988140
0.966667 -0.506200 5.373199 -0.208014 0.016586 0.085110 0.132872 0.987333
1.000000 -0.547518 5.574224 -0.312679 0.014507 0.086828 0.138086 0.986500
1.033333 -0.590443 5.774624 -0.417344 0.012395 0.088430 0.143304 0.985642
1.066667 -0.634935 5.974383 -0.520865 0.010254 0.089915 0.148529 0.984759
1.100000 -0.681007 6.173476 -0.622108 0.008086 0.091279 0.153758 0.983850
1.133333 -0.728655 6.371883 -0.719966 0.005896 0.092522 0.158992 0.982917
1.166667 -0.777980 6.569540 -0.813120 0.003708 0.093594 0.164232 0.981965
1.200000 -0.828777 6.766501 -0.901037 0.001485 0.094588 0.169473 0.980984
1.233333 -0.881135 6.962711 -0.982516 -0.000750 0.095457 0.174716 0.979981
1.266667 -0.935051 7.158150 -1.056664 -0.002992 0.096198 0.179961 0.978954
1.300000 -0.990526 7.352795 -1.122671 -0.005237 0.096812 0.185207 0.977905
1.333333 -1.047538 7.546627 -1.179815 -0.007483 0.097297 0.190455 0.976834
1.366667 -1.106090 7.739625 -1.227472 -0.009726 0.097654 0.195703 0.975741
1.400000 -1.166176 7.931767 -1.265120 -0.011960 0.097881 0.200950 0.974626
1.433333 -1.227788 8.123033 -1.292349 -0.014184 0.097979 0.206197 0.973490
1.466667 -1.290956 8.313396 -1.308862 -0.016391 0.097947 0.211440 0.972333
1.500000 -1.355601 8.502846 -1.314480 -0.018581 0.097786 0.216683 0.971155
1.533333 -1.421752 8.691358 -1.309142 -0.020749 0.097496 0.221922 0.969956
1.566667 -1.489406 8.878910 -1.292909 -0.022891 0.097078 0.227157 0.968737
1.600000 -1.558552 9.065481 -1.265960 -0.025003 0.096532 0.232388 0.967498
1.633333 -1.629182 9.251052 -1.228591 -0.027082 0.095860 0.237613 0.966239
1.666667 -1.701629 9.433977 -1.179736 -0.029058 0.095064 0.242836 0.964961
1.700000 -1.775298 9.617359 -1.122645 -0.031050 0.094173 0.248049 0.963659
1.733333 -1.850339 9.799702 -1.056857 -0.033008 0.093128 0.253254 0.962341
1.766667 -1.926832 9.980959 -0.982926 -0.034920 0.091961 0.258451 0.961003
1.800000 -2.004766 10.161110 -0.901665 -0.036782 0.090675 0.263639 0.959646
1.833333 -2.084157 10.340129 -0.813963 -0.038589 0.089271 0.268815 0.958269
1.866667 -2.164947 10.518008 -0.720783 -0.040341 0.087751 0.273982 0.956873
1.900000 -2.247153 10.694720 -0.623146 -0.042033 0.086118 0.279138 0.955457
1.933333 -2.330765 10.870247 -0.522122 -0.043662 0.084375 0.284282 0.954022
1.966667 -2.416094 11.043972 -0.418264 -0.045186 0.082534 0.289415 0.952568
2.000000 -2.502607 11.217046 -0.313458 -0.046660 0.080644 0.294535 0.951088
2.033333 -2.590369 11.388841 -0.208986 -0.048085 0.078583 0.299640 0.949594
2.066667 -2.679498 11.559370 -0.105657 -0.049436 0.076423 0.304730 0.948080
2.100000 -2.770013 11.728604 -0.004606 -0.050710 0.074165 0.309805 0.946546
2.133333 -2.861844 11.896545 0.093060 -0.051907 0.071814 0.314864 0.944991
2.166667 -2.955016 12.063163 0.186271 -0.053022 0.069373 0.319908 0.943417
2.200000 -3.049513 12.228440 0.274004 -0.054055 0.066846 0.324935 0.941821
2.233333 -3.145330 12.392355 0.355299 -0.055003 0.064235 0.329945 0.940205
2.266667 -3.242419 12.554086 0.430131 -0.055805 0.061669 0.334938 0.938562
2.300000 -3.340811 12.715174 0.495982 -0.056577 0.058903 0.339912 0.936904
2.333333 -3.440173 12.874931 0.554193 -0.057186 0.056276 0.344874 0.935214
2.366667 -3.541104 13.033148 0.601738 -0.057775 0.053371 0.349813 0.933512
2.400000 -3.643302 13.189912 0.639275 -0.058272 0.050403 0.354732 0.931788
2.433333 -3.746778 13.345196 0.666394 -0.058674 0.047375 0.359633 0.930042
2.466667 -3.851477 13.499002 0.682797 -0.058980 0.044293 0.364514 0.928272
2.500000 -3.957410 13.651304 0.688304 -0.059191 0.041159 0.369375 0.926480
2.533333 -4.064570 13.802081 0.682857 -0.059304 0.037980 0.374217 0.924663
2.566667 -4.172057 13.950696 0.668140 -0.059222 0.035005 0.379039 0.922820
2.600000 -4.281630 14.098321 0.641134 -0.059138 0.031747 0.383842 0.920956
2.633333 -4.391922 14.244345 0.604902 -0.058888 0.028584 0.388623 0.919069
2.666667 -4.503888 14.388783 0.557502 -0.058606 0.025265 0.393387 0.917155
2.700000 -4.617012 14.531618 0.500615 -0.058226 0.021922 0.398130 0.915217
2.733333 -4.730891 14.672699 0.435456 -0.057711 0.018654 0.402852 0.913253
2.766667 -4.846321 14.812255 0.361583 -0.057134 0.015278 0.407556 0.911263
2.800000 -4.962877 14.950158 0.280380 -0.056459 0.011894 0.412242 0.909246
2.833333 -5.080547 15.086389 0.192736 -0.055687 0.008505 0.416908 0.907201
2.866667 -5.199312 15.220941 0.099613 -0.054819 0.005116 0.421555 0.905130
2.900000 -5.319166 15.353789 0.002034 -0.053855 0.001732 0.426184 0.903030
2.933333 -5.439923 15.485019 -0.099199 -0.052842 -0.001592 0.430800 0.900898
2.966667 -5.561896 15.614412 -0.202450 -0.051691 -0.004952 0.435392 0.898742
3.000000 -5.684897 15.742070 -0.306846 -0.050448 -0.008293 0.439967 0.896558
3.033333 -5.808926 15.867968 -0.411243 -0.049114 -0.011610 0.444524 0.894344
3.066667 -5.933905 15.992147 -0.514496 -0.047694 -0.014896 0.449064 0.892101
3.100000 -6.059929 16.114496 -0.615472 -0.046186 -0.018153 0.453587 0.889829
3.133333 -6.186871 16.235103 -0.713064 -0.044595 -0.021368 0.458094 0.887527
3.166667 -6.314827 16.353851 -0.806202 -0.042920 -0.024547 0.462586 0.885195
3.200000 -6.443682 16.470823 -0.893863 -0.041166 -0.027676 0.467062 0.882832
3.233333 -6.573505 16.585919 -0.975087 -0.039333 -0.030759 0.471523 0.880439
3.266667 -6.704058 16.699241 -1.049218 -0.037472 -0.033793 0.475974 0.878011
3.300000 -6.835678 16.810640 -1.114985 -0.035491 -0.036764 0.480407 0.875556
3.333333 -6.968158 16.920190 -1.171891 -0.033441 -0.039671 0.484826 0.873070
3.366667 -7.101520 17.027841 -1.219312 -0.031323 -0.042514 0.489232 0.870553
3.400000 -7.234999 17.133734 -1.257550 -0.029291 -0.045335 0.493636 0.867992
3.433333 -7.370008 17.237622 -1.284586 -0.027048 -0.048035 0.498018 0.865413
3.466667 -7.505827 17.339608 -1.300909 -0.024749 -0.050657 0.502388 0.862802
3.500000 -7.642457 17.439663 -1.306337 -0.022395 -0.053199 0.506747 0.860160
3.533333 -7.779877 17.537782 -1.300813 -0.019991 -0.055658 0.511094 0.857488
3.566667 -7.917709 17.634259 -1.284737 -0.017608 -0.058056 0.515436 0.854778
3.600000 -8.056649 17.728510 -1.257620 -0.015113 -0.060338 0.519763 0.852043
3.633333 -8.196333 17.820797 -1.220086 -0.012578 -0.062527 0.524081 0.849277
3.666667 -8.336736 17.911123 -1.172544 -0.010009 -0.064621 0.528390 0.846480
3.700000 -8.477859 17.999457 -1.115518 -0.007406 -0.066617 0.532689 0.843653
3.733333 -8.619684 18.085790 -1.049632 -0.004774 -0.068512 0.536979 0.840795
3.766667 -8.762195 18.170117 -0.975607 -0.002119 -0.070305 0.541261 0.837908
3.800000 -8.905375 18.252428 -0.894254 0.000557 -0.071993 0.545534 0.834990
3.833333 -9.048403 18.333648 -0.807233 0.003101 -0.073635 0.549810 0.832032
3.866667 -9.192858 18.411979 -0.714019 0.005803 -0.075110 0.554068 0.829056
3.900000 -9.337942 18.488273 -0.616324 0.008515 -0.076471 0.558319 0.826051
3.933333 -9.483637 18.562516 -0.515247 0.011232 -0.077721 0.562562 0.823017
3.966667 -9.629928 18.634699 -0.411894 0.013948 -0.078857 0.566798 0.819956
4.000000 -9.776799 18.704813 -0.307399 0.016660 -0.079879 0.571026 0.816866
4.033333 -9.923918 18.773261 -0.202872 0.019339 -0.080786 0.575252 0.813747
4.066667 -10.071660 18.839557 -0.099971 0.021975 -0.081599 0.579468 0.810602
4.100000 -10.220163 18.903463 0.001085 0.024649 -0.082272 0.583676 0.807432
4.133333 -10.369184 18.965265 0.098753 0.027303 -0.082828 0.587875 0.804237
4.166667 -10.518707 19.024958 0.191962 0.029931 -0.083266 0.592068 0.801016
4.200000 -10.668418 19.083116 0.279627 0.032502 -0.083588 0.596256 0.797769
4.233333 -10.818882 19.139033 0.360462 0.035021 -0.083818 0.600436 0.794497
4.266667 -10.969808 19.192406 0.434405 0.037550 -0.083902 0.604605 0.791203
4.300000 -11.121170 19.243642 0.500204 0.040038 -0.083868 0.608767 0.787887
4.333333 -11.272952 19.292734 0.557137 0.042480 -0.083717 0.612920 0.784548
4.366667 -11.425019 19.340598 0.604315 0.044832 -0.083471 0.617068 0.781185
4.400000 -11.577800 19.385722 0.641496 0.047152 -0.083115 0.621205 0.777800
4.433333 -11.730749 19.428401 0.668497 0.049437 -0.082617 0.625331 0.774397
4.466667 -11.884050 19.468914 0.684779 0.051661 -0.082006 0.629448 0.770974
4.500000 -12.037688 19.507258 0.690164 0.053823 -0.081283 0.633555 0.767531
4.533333 -12.191644 19.543427 0.684589 0.055917 -0.080449 0.637652 0.764069
4.566667 -12.346320 19.578791 0.667815 0.057893 -0.079563 0.641739 0.760585
4.600000 -12.501203 19.610892 0.640494 0.059834 -0.078539 0.645813 0.757084
4.633333 -12.656033 19.640588 0.602881 0.061707 -0.077382 0.649876 0.753569
4.666667 -12.811112 19.668098 0.555256 0.063500 -0.076122 0.653925 0.750037
4.700000 -12.966422 19.693420 0.498142 0.065210 -0.074761 0.657962 0.746488
4.733333 -13.123593 19.718642 0.431822 0.066782 -0.073424 0.661987 0.742915
4.766667 -13.279369 19.739653 0.357703 0.068319 -0.071868 0.665996 0.739335
4.800000 -13.435313 19.758498 0.276253 0.069763 -0.070217 0.669991 0.735741
4.833333 -13.591418 19.775151 0.188362 0.071113 -0.068476 0.673970 0.732133
4.866667 -13.749138 19.791282 0.094831 0.072333 -0.066737 0.677935 0.728505
4.900000 -13.905556 19.803618 -0.002990 0.073490 -0.064821 0.681881 0.724869
4.933333 -14.062083 19.813766 -0.104197 0.074546 -0.062824 0.685811 0.721221
4.966667 -14.218703 19.821728 -0.207683 0.075499 -0.060747 0.689723 0.717560
5.000000 -14.376635 19.828836 -0.312429 0.076323 -0.058660 0.693618 0.713882
5.033333 -14.533427 19.832463 -0.417057 0.077067 -0.056435 0.697493 0.710197
5.066667 -14.690262 19.833908 -0.520541 0.077703 -0.054141 0.701348 0.706500
5.100000 -14.847121 19.833169 -0.621748 0.078231 -0.051781 0.705182 0.702792
5.133333 -15.004968 19.831283 -0.719684 0.078629 -0.049408 0.708998 0.699069
5.166667 -15.161864 19.826204 -0.813049 0.078936 -0.046929 0.712791 0.695339
5.200000 -15.318734 19.818950 -0.900937 0.079131 -0.044396 0.716561 0.691598
5.233333 -15.475563 19.809519 -0.982385 0.079212 -0.041813 0.720308 0.687847
5.266667 -15.632762 19.798058 -1.056468 0.079184 -0.039199 0.724034 0.684082
5.300000 -15.790107 19.785057 -1.122602 0.079023 -0.036556 0.727736 0.680308
5.333333 -15.946755 19.769120 -1.179716 0.078764 -0.033847 0.731413 0.676525
5.366667 -16.103296 19.751018 -1.227342 0.078391 -0.031103 0.735064 0.672732
5.400000 -16.259712 19.730748 -1.264959 0.077904 -0.028329 0.738690 0.668929
5.433333 -16.416368 19.708413 -1.292105 0.077306 -0.025544 0.742292 0.665112
5.466667 -16.573145 19.684536 -1.308758 0.076580 -0.022751 0.745868 0.661286
5.500000 -16.729133 19.657795 -1.314346 0.075753 -0.019913 0.749415 0.657451
5.533333 -16.884931 19.628901 -1.308978 0.074813 -0.017063 0.752936 0.653605
5.566667 -17.040715 19.597872 -1.292658 0.073766 -0.014211 0.756429 0.649747
5.600000 -17.196698 19.565340 -1.265819 0.072595 -0.011374 0.759896 0.645879
5.633333 -17.351860 19.530009 -1.228421 0.071325 -0.008511 0.763333 0.641999
5.666667 -17.506765 19.492534 -1.181014 0.069947 -0.005652 0.766742 0.638109
5.700000 -17.661955 19.453447 -1.124144 0.068458 -0.002828 0.770123 0.634206
5.733333 -17.816322 19.411710 -1.058386 0.066870 0.000009 0.773474 0.630291
5.766667 -17.970708 19.368206 -0.984465 0.065175 0.002810 0.776796 0.626364
5.800000 -18.124460 19.322220 -0.903232 0.063384 0.005609 0.780090 0.622424
5.833333 -18.278060 19.274367 -0.815497 0.061491 0.008367 0.783353 0.618472
5.866667 -18.431124 19.224146 -0.722343 0.059505 0.011112 0.786587 0.614505
5.900000 -18.583862 19.171985 -0.624646 0.057423 0.013810 0.789792 0.610525
5.933333 -18.736161 19.117549 -0.523645 0.055252 0.016485 0.792967 0.606530
5.966667 -18.888027 19.061137 -0.420302 0.052989 0.019110 0.796112 0.602522
6.000000 -19.039488 19.002507 -0.315874 0.050644 0.021698 0.799228 0.598497
6.033333 -19.190541 18.941888 -0.211451 0.048213 0.024233 0.802315 0.594457
6.066667 -19.341097 18.879086 -0.108167 0.045707 0.026721 0.805372 0.590401
6.100000 -19.491325 18.814279 -0.007225 0.043121 0.029149 0.808399 0.586329
6.133333 -19.640910 18.747328 0.090391 0.040465 0.031522 0.811398 0.582239
6.166667 -19.790316 18.678321 0.183471 0.037740 0.033824 0.814368 0.578132
6.200000 -19.938873 18.607242 0.271149 0.034950 0.036068 0.817308 0.574008
6.233333 -20.087151 18.534108 0.352323 0.032098 0.038236 0.820220 0.569865
6.266667 -20.234611 18.458931 0.426227 0.029188 0.040339 0.823104 0.565704
6.300000 -20.381728 18.381702 0.491934 0.026224 0.042361 0.825960 0.561524
6.333333 -20.528021 18.302457 0.548830 0.023210 0.044312 0.828787 0.557324
6.366667 -20.673910 18.221165 0.596190 0.020152 0.046177 0.831587 0.553104
6.400000 -20.818969 18.137886 0.633587 0.017050 0.047965 0.834360 0.548864
6.433333 -20.963555 18.052567 0.660525 0.013912 0.049663 0.837106 0.544604
6.466667 -21.107314 17.965290 0.676784 0.010740 0.051279 0.839825 0.540323
6.500000 -21.250524 17.875980 0.682120 0.007541 0.052801 0.842518 0.536021
6.533333 -21.392916 17.784743 0.676526 0.004316 0.054237 0.845185 0.531697
6.566667 -21.534598 17.691543 0.660036 0.001071 0.055579 0.847826 0.527352
6.600000 -21.675553 17.596389 0.632830 -0.002190 0.056827 0.850443 0.522985
6.633333 -21.815765 17.499289 0.595206 -0.005462 0.057979 0.853034 0.518596
6.666667 -21.955220 17.400255 0.547573 -0.008740 0.059034 0.855601 0.514184
6.700000 -22.093901 17.299299 0.490453 -0.012019 0.059990 0.858144 0.509750
6.733333 -22.231828 17.196349 0.424515 -0.015291 0.060844 0.860664 0.505294
6.766667 -22.369298 17.091283 0.350493 -0.018547 0.061591 0.863162 0.500814
6.800000 -22.505730 16.984430 0.269178 -0.021795 0.062239 0.865635 0.496313
6.833333 -22.641217 16.875892 0.181298 -0.025035 0.062794 0.868086 0.491789
6.866667 -22.776221 16.765226 0.088041 -0.028242 0.063237 0.870517 0.487241
6.900000 -22.910185 16.652837 -0.009703 -0.031429 0.063583 0.872925 0.482672
6.933333 -23.043314 16.538590 -0.110822 -0.034585 0.063826 0.875311 0.478080
6.966667 -23.175595 16.422498 -0.214211 -0.037706 0.063967 0.877676 0.473467
7.000000 -23.307677 16.303991 -0.318479 -0.040768 0.063987 0.880023 0.468832
7.033333 -23.437991 16.184424 -0.423070 -0.043810 0.063931 0.882347 0.464174
7.066667 -23.567579 16.062964 -0.526472 -0.046801 0.063769 0.884651 0.459494
7.100000 -23.696243 15.939684 -0.627579 -0.049738 0.063508 0.886936 0.454794
7.133333 -23.823971 15.814631 -0.725296 -0.052618 0.063147 0.889201 0.450072
7.166667 -23.950748 15.687821 -0.818554 -0.055437 0.062689 0.891447 0.445330
7.200000 -24.077438 15.558417 -0.906072 -0.058169 0.062114 0.893677 0.440568
7.233333 -24.202089 15.428300 -0.987457 -0.060858 0.061468 0.895884 0.435786
7.266667 -24.325806 15.296435 -1.061500 -0.063473 0.060726 0.898074 0.430984
7.300000 -24.448556 15.162787 -1.127372 -0.066009 0.059892 0.900245 0.426163
7.333333 -24.570275 15.027453 -1.184378 -0.068464 0.058966 0.902398 0.421324
7.366667 -24.690947 14.890447 -1.231891 -0.070835 0.057953 0.904533 0.416467
7.400000 -24.811326 14.750754 -1.269177 -0.073097 0.056836 0.906652 0.411594
7.433333 -24.929808 14.610601 -1.296292 -0.075292 0.055653 0.908750 0.406703
7.466667 -25.047204 14.468835 -1.312690 -0.077394 0.054388 0.910831 0.401796
7.500000 -25.163480 14.325338 -1.318147 -0.079395 0.053042 0.912893 0.396873
7.533333 -25.278684 14.180246 -1.312654 -0.081296 0.051619 0.914938 0.391936
7.566667 -25.392755 14.033575 -1.296260 -0.083093 0.050120 0.916966 0.386985
7.600000 -25.506178 13.884203 -1.268961 -0.084765 0.048538 0.918977 0.382022
7.633333 -25.617995 13.734567 -1.231462 -0.086351 0.046899 0.920968 0.377045
7.666667 -25.728640 13.583403 -1.183955 -0.087826 0.045193 0.922940 0.372055
7.700000 -25.837993 13.430644 -1.126919 -0.089186 0.043424 0.924895 0.367056
7.733333 -25.946484 13.275328 -1.060897 -0.090412 0.041586 0.926833 0.362046
7.766667 -26.053598 13.119687 -0.986887 -0.091542 0.039698 0.928750 0.357026
7.800000 -26.159469 12.962575 -0.905555 -0.092552 0.037757 0.930649 0.351996
7.833333 -26.264214 12.803015 -0.817703 -0.093424 0.035758 0.932530 0.346961
7.866667 -26.367670 12.643043 -0.724441 -0.094192 0.033719 0.934390 0.341916
7.900000 -26.469881 12.481628 -0.626742 -0.094836 0.031635 0.936231 0.336864
7.933333 -26.570877 12.317860 -0.525644 -0.095338 0.029504 0.938053 0.331809
7.966667 -26.670570 12.153711 -0.422262 -0.095733 0.027343 0.939854 0.326745
8.000000 -26.768992 11.988168 -0.317750 -0.096001 0.025149 0.941634 0.321677
8.033333 -26.866071 11.820355 -0.213281 -0.096123 0.022920 0.943395 0.316609
8.066667 -26.961896 11.652188 -0.109901 -0.096138 0.020670 0.945133 0.311533
8.100000 -27.056402 11.482702 -0.008804 -0.096025 0.018398 0.946851 0.306455
8.133333 -27.149416 11.311058 0.088801 -0.095763 0.016105 0.948546 0.301380
8.166667 -27.241261 11.139035 0.182057 -0.095396 0.013799 0.950219 0.296298
8.200000 -27.331761 10.965777 0.269836 -0.094901 0.011483 0.951870 0.291214
8.233333 -27.420720 10.790404 0.351012 -0.094256 0.009159 0.953498 0.286137
8.266667 -27.508495 10.614696 0.425014 -0.093508 0.006833 0.955101 0.281053
8.300000 -27.594902 10.437814 0.490874 -0.092635 0.004507 0.956681 0.275970
8.333333 -27.679871 10.259761 0.547886 -0.091635 0.002187 0.958237 0.270888
8.366667 -27.763226 10.079665 0.595268 -0.090490 -0.000126 0.959768 0.265814
8.400000 -27.845445 9.899327 0.632764 -0.089247 -0.002427 0.961273 0.260734
8.433333 -27.926256 9.717891 0.659841 -0.087884 -0.004712 0.962753 0.255656
8.466667 -28.005614 9.535360 0.676212 -0.086401 -0.006978 0.964207 0.250581
8.500000 -28.083467 9.351771 0.681726 -0.084799 -0.009218 0.965634 0.245510
8.533333 -28.159515 9.166352 0.676216 -0.083061 -0.011428 0.967034 0.240448
8.566667 -28.234585 8.980683 0.659831 -0.081234 -0.013614 0.968407 0.235381
8.600000 -28.308198 8.794013 0.632730 -0.079296 -0.015765 0.969751 0.230317
8.633333 -28.379800 8.605783 0.595309 -0.077230 -0.017870 0.971068 0.225264
8.666667 -28.450469 8.417151 0.547783 -0.075078 -0.019942 0.972355 0.220207
8.700000 -28.519193 8.227117 0.490890 -0.072808 -0.021962 0.973614 0.215158
8.733333 -28.586885 8.036608 0.425019 -0.070454 -0.023943 0.974842 0.210109
8.766667 -28.652681 7.844765 0.351160 -0.067989 -0.025865 0.976041 0.205066
8.800000 -28.717366 7.652462 0.269823 -0.065444 -0.027741 0.977209 0.200024
8.833333 -28.780234 7.458860 0.182226 -0.062797 -0.029554 0.978347 0.194987
8.866667 -28.841889 7.264849 0.088979 -0.060075 -0.031313 0.979454 0.189951
8.900000 -28.901802 7.069556 -0.008536 -0.057258 -0.033006 0.980529 0.184919
8.933333 -28.960404 6.873920 -0.109615 -0.054374 -0.034636 0.981572 0.179889
8.966667 -29.017318 6.677047 -0.212805 -0.051403 -0.036197 0.982584 0.174862
9.000000 -29.072845 6.479872 -0.317299 -0.048371 -0.037689 0.983563 0.169836
9.033333 -29.126727 6.281559 -0.421666 -0.045261 -0.039107 0.984509 0.164813
9.066667 -29.179156 6.082933 -0.525009 -0.042098 -0.040450 0.985423 0.159790
9.100000 -29.229961 5.883352 -0.626003 -0.038867 -0.041716 0.986304 0.154770
9.133333 -29.279266 5.683367 -0.723679 -0.035589 -0.042902 0.987151 0.149749
9.166667 -29.326999 5.482741 -0.816898 -0.032261 -0.044007 0.987966 0.144729
9.200000 -29.373158 5.281499 -0.904639 -0.028886 -0.045028 0.988747 0.139708
9.233333 -29.417552 5.079384 -0.985854 -0.025458 -0.045963 0.989494 0.134689
9.266667 -29.460540 4.876959 -1.059819 -0.022004 -0.046813 0.990207 0.129667
9.300000 -29.501937 4.673984 -1.125643 -0.018518 -0.047576 0.990887 0.124644
9.333333 -29.541741 4.470482 -1.182604 -0.015004 -0.048250 0.991533 0.119619
9.366667 -29.579706 4.266357 -1.230011 -0.011458 -0.048830 0.992146 0.114593
9.400000 -29.616296 4.061861 -1.267472 -0.007903 -0.049324 0.992724 0.109563
9.433333 -29.651159 3.856884 -1.294489 -0.004331 -0.049724 0.993268 0.104530
9.466667 -29.684525 3.651489 -1.310813 -0.000754 -0.050035 0.993779 0.099493
9.500000 -29.716163 3.445673 -1.316226 0.002830 -0.050250 0.994256 0.094453
9.533333 -29.746290 3.239473 -1.310698 0.006409 -0.050376 0.994700 0.089407
9.566667 -29.774695 3.032901 -1.294269 0.009985 -0.050407 0.995110 0.084356
9.600000 -29.801570 2.825984 -1.267130 0.013548 -0.050348 0.995486 0.079300
9.633333 -29.826734 2.618741 -1.229577 0.017097 -0.050194 0.995830 0.074237
9.666667 -29.850346 2.411199 -1.182010 0.020623 -0.049951 0.996140 0.069168
9.700000 -29.872325 2.203379 -1.124957 0.024124 -0.049616 0.996418 0.064093
9.733333 -29.892603 1.995288 -1.059066 0.027597 -0.049189 0.996663 0.059010
9.766667 -29.911305 1.786978 -0.985010 0.031033 -0.048674 0.996875 0.053919
9.800000 -29.928369 1.578459 -0.903623 0.034429 -0.048070 0.997056 0.048821
9.833333 -29.943753 1.369716 -0.815832 0.037783 -0.047377 0.997205 0.043714
9.866667 -29.957530 1.160843 -0.722530 0.041087 -0.046599 0.997322 0.038599
9.900000 -29.969665 0.951828 -0.624773 0.044338 -0.045735 0.997408 0.033474
9.933333 -29.980141 0.742671 -0.523656 0.047531 -0.044788 0.997463 0.028341
9.966667 -29.988982 0.533439 -0.420238 0.050662 -0.043759 0.997487 0.023199
10.000000 -29.996177 0.324135 -0.315675 0.053727 -0.042651 0.997481 0.018047
10.033333 -30.001728 0.114780 -0.211113 0.056722 -0.041465 0.997445 0.012886
10.066667 -30.005627 -0.094604 -0.107696 0.059643 -0.040203 0.997380 0.007715
10.100000 -30.007906 -0.303966 -0.006558 0.062483 -0.038866 0.997286 0.002534
10.133333 -30.008524 -0.513333 0.091196 0.065243 -0.037460 0.997163 -0.002657
10.166667 -30.007506 -0.722603 0.184504 0.067915 -0.035983 0.997011 -0.007857
10.200000 -30.004834 -0.931855 0.272323 0.070500 -0.034441 0.996831 -0.013066
10.233333 -30.000596 -1.140927 0.353718 0.072988 -0.032835 0.996624 -0.018286
10.266667 -29.994612 -1.349988 0.427768 0.075384 -0.031168 0.996390 -0.023514
10.300000 -29.987003 -1.558912 0.493675 0.077680 -0.029443 0.996129 -0.028751
10.333333 -29.977895 -1.767567 0.550731 0.079868 -0.027664 0.995841 -0.033998
10.366667 -29.966983 -1.976157 0.598287 0.081957 -0.025832 0.995528 -0.039253
10.400000 -29.954450 -2.184544 0.635831 0.083937 -0.023951 0.995188 -0.044516
10.433333 -29.940488 -2.392583 0.662961 0.085800 -0.022026 0.994824 -0.049788
10.466667 -29.924659 -2.600497 0.679371 0.087556 -0.020057 0.994434 -0.055066
10.500000 -29.907217 -2.808137 0.684880 0.089196 -0.018049 0.994020 -0.060352
10.533333 -29.888401 -3.015371 0.679429 0.090712 -0.016007 0.993582 -0.065646
10.566667 -29.867674 -3.222403 0.663090 0.092115 -0.013931 0.993120 -0.070945
10.600000 -29.845335 -3.429095 0.636029 0.093397 -0.011826 0.992634 -0.076250
10.633333 -29.821680 -3.635326 0.598522 0.094548 -0.009699 0.992126 -0.081560
10.666667 -29.796077 -3.841271 0.551035 0.095581 -0.007547 0.991595 -0.086875
10.700000 -29.769147 -4.046754 0.494016 0.096483 -0.005380 0.991041 -0.092194
10.733333 -29.740311 -4.251861 0.428174 0.097263 -0.003196 0.990465 -0.097516
10.766667 -29.710143 -4.456462 0.354128 0.097909 -0.001003 0.989867 -0.102841
10.800000 -29.678087 -4.660640 0.272810 0.098432 0.001199 0.989247 -0.108168
10.833333 -29.644690 -4.864237 0.184973 0.098820 0.003402 0.988606 -0.113497
10.866667 -29.609426 -5.067397 0.091732 0.099083 0.005607 0.987943 -0.118826
10.900000 -29.572814 -5.269887 -0.006051 0.099210 0.007808 0.987260 -0.124156
10.933333 -29.534359 -5.471934 -0.107139 0.099212 0.010000 0.986555 -0.129484
10.966667 -29.494546 -5.673246 -0.210585 0.099078 0.012182 0.985830 -0.134811
11.000000 -29.452916 -5.874089 -0.315102 0.098820 0.014348 0.985084 -0.140136
11.033333 -29.409920 -6.074166 -0.419685 0.098426 0.016496 0.984318 -0.145458
11.066667 -29.365134 -6.273719 -0.523061 0.097910 0.018621 0.983531 -0.150776
11.100000 -29.318974 -6.472499 -0.624211 0.097260 0.020719 0.982724 -0.156090
11.133333 -29.271052 -6.670673 -0.721927 0.096488 0.022788 0.981897 -0.161398
11.166667 -29.221747 -6.868080 -0.815228 0.095585 0.024824 0.981049 -0.166701
11.200000 -29.170711 -7.064791 -0.903013 0.094563 0.026823 0.980181 -0.171996
11.233333 -29.118311 -7.260739 -0.984394 0.093413 0.028780 0.979294 -0.177284
11.266667 -29.064183 -7.455904 -1.058412 0.092146 0.030696 0.978385 -0.182564
11.300000 -29.008519 -7.650266 -1.124286 0.090759 0.032566 0.977456 -0.187834
11.333333 -28.951564 -7.843855 -1.181337 0.089249 0.034381 0.976507 -0.193096
11.366667 -28.892841 -8.036543 -1.228864 0.087629 0.036148 0.975537 -0.198346
11.400000 -28.832598 -8.228362 -1.266383 0.085896 0.037857 0.974547 -0.203586
11.433333 -28.770868 -8.419304 -1.293477 0.084052 0.039508 0.973535 -0.208814
11.466667 -28.707941 -8.609458 -1.309896 0.082093 0.041091 0.972504 -0.214030
11.500000 -28.643183 -8.798550 -1.315385 0.080035 0.042615 0.971450 -0.219233
11.533333 -28.576935 -8.986690 -1.309919 0.077876 0.044071 0.970375 -0.224423
11.566667 -28.509228 -9.173873 -1.293546 0.075616 0.045456 0.969278 -0.229599
11.600000 -28.440456 -9.360263 -1.266486 0.073252 0.046762 0.968161 -0.234760
11.633333 -28.369783 -9.545433 -1.228990 0.070804 0.048000 0.967020 -0.239907
11.666667 -28.297650 -9.729570 -1.181485 0.068266 0.049160 0.965857 -0.245038
11.700000 -28.224539 -9.912876 -1.124468 0.065634 0.050233 0.964672 -0.250154
11.733333 -28.149522 -10.094897 -1.058611 0.062928 0.051231 0.963463 -0.255254
11.766667 -28.073067 -10.275824 -0.984613 0.060144 0.052146 0.962231 -0.260338
11.800000 -27.995691 -10.455830 -0.903221 0.057276 0.052968 0.960975 -0.265405
11.833333 -27.916403 -10.634520 -0.815451 0.054347 0.053710 0.959696 -0.270455
11.866667 -27.836160 -10.812214 -0.722134 0.051343 0.054356 0.958392 -0.275489
11.900000 -27.754071 -10.988588 -0.624428 0.048286 0.054919 0.957063 -0.280505
11.933333 -27.671036 -11.163889 -0.523261 0.045162 0.055384 0.955709 -0.285504
11.966667 -27.586185 -11.337870 -0.419888 0.041993 0.055762 0.954330 -0.290486
12.000000 -27.500384 -11.510716 -0.315301 0.038767 0.056042 0.952925 -0.295450
12.033333 -27.412807 -11.682224 -0.210782 0.035504 0.056232 0.951493 -0.300397
12.066667 -27.324239 -11.852533 -0.107351 0.032194 0.056322 0.950035 -0.305327
12.100000 -27.233972 -12.021493 -0.006254 0.028855 0.056321 0.948550 -0.310238
12.133333 -27.142369 -12.189151 0.091457 0.025485 0.056224 0.947038 -0.315133
12.166667 -27.049437 -12.355487 0.184711 0.022089 0.056030 0.945498 -0.320011
12.200000 -26.955621 -12.520634 0.272516 0.018663 0.055733 0.943930 -0.324872
12.233333 -26.860082 -12.684279 0.353853 0.015229 0.055346 0.942333 -0.329716
12.266667 -26.763246 -12.846548 0.427858 0.011783 0.054863 0.940708 -0.334544
12.300000 -26.665121 -13.007422 0.493720 0.008329 0.054284 0.939054 -0.339356
12.333333 -26.565962 -13.167064 0.550688 0.004868 0.053606 0.937370 -0.344151
12.366667 -26.465304 -13.325107 0.598196 0.001414 0.052836 0.935657 -0.348931
12.400000 -26.363477 -13.481869 0.635659 -0.002033 0.051969 0.933914 -0.353696
12.433333 -26.260326 -13.637011 0.662736 -0.005468 0.051014 0.932140 -0.358445
12.466667 -26.156004 -13.790857 0.679061 -0.008888 0.049962 0.930336 -0.363181
12.500000 -26.050400 -13.943030 0.684523 -0.012285 0.048825 0.928501 -0.367902
12.533333 -25.943586 -14.093689 0.679030 -0.015657 0.047599 0.926635 -0.372609
12.566667 -25.835666 -14.242983 0.662594 -0.018999 0.046282 0.924737 -0.377303
12.600000 -25.726470 -14.390571 0.635486 -0.022306 0.044883 0.922809 -0.381985
12.633333 -25.616099 -14.536595 0.597958 -0.025573 0.043400 0.920848 -0.386654
12.666667 -25.504671 -14.681204 0.550376 -0.028797 0.041833 0.918856 -0.391311
12.700000 -25.391993 -14.824061 0.493351 -0.031973 0.040190 0.916832 -0.395957
12.733333 -25.278177 -14.965307 0.427464 -0.035095 0.038470 0.914776 -0.400591
12.766667 -25.163236 -15.104928 0.353435 -0.038161 0.036675 0.912688 -0.405216
12.800000 -25.047184 -15.242906 0.272077 -0.041167 0.034809 0.910568 -0.409830
12.833333 -24.930140 -15.379459 0.184251 -0.044109 0.032870 0.908415 -0.414434
12.866667 -24.811904 -15.514118 0.090977 -0.046981 0.030867 0.906231 -0.419029
12.900000 -24.692596 -15.647091 -0.006752 -0.049782 0.028802 0.904014 -0.423616
12.933333 -24.572227 -15.778362 -0.107864 -0.052506 0.026676 0.901766 -0.428194
12.966667 -24.450812 -15.907918 -0.211253 -0.055150 0.024493 0.899485 -0.432764
13.000000 -24.328364 -16.035743 -0.315785 -0.057712 0.022256 0.897173 -0.437327
13.033333 -24.204890 -16.161822 -0.420314 -0.060187 0.019968 0.894829 -0.441882
13.066667 -24.080346 -16.286709 -0.523610 -0.062571 0.017628 0.892454 -0.446430
13.100000 -23.954877 -16.409286 -0.624718 -0.064864 0.015250 0.890047 -0.450973
13.133333 -23.828429 -16.530078 -0.722441 -0.067063 0.012832 0.887609 -0.455508
13.166667 -23.701010 -16.649068 -0.815708 -0.069163 0.010377 0.885140 -0.460038
13.200000 -23.572634 -16.766245 -0.903494 -0.071162 0.007890 0.882641 -0.464563
13.233333 -23.443172 -16.881785 -0.984780 -0.073055 0.005374 0.880111 -0.469082
13.266667 -23.312847 -16.995990 -1.058720 -0.074844 0.002825 0.877553 -0.473595
13.300000 -23.181712 -17.107701 -1.124597 -0.076527 0.000264 0.874963 -0.478104
13.333333 -23.049677 -17.217546 -1.181611 -0.078100 -0.002315 0.872344 -0.482608
13.366667 -22.916756 -17.325515 -1.229133 -0.079562 -0.004907 0.869697 -0.487107
13.400000 -22.782878 -17.431663 -1.266613 -0.080909 -0.007507 0.867021 -0.491602
13.433333 -22.648205 -17.535892 -1.293696 -0.082142 -0.010113 0.864317 -0.496092
13.466667 -22.512564 -17.638883 -1.309963 0.083257 0.012728 -0.861587 0.500574
13.500000 -22.376280 -17.739289 -1.315444 0.084257 0.015331 -0.858828 0.505055
13.533333 -22.239183 -17.837758 -1.309971 0.085140 0.017927 -0.856042 0.509531
13.566667 -22.101284 -17.934278 -1.293598 0.085903 0.020512 -0.853231 0.514001
13.600000 -21.962355 -18.029472 -1.266398 0.086543 0.023089 -0.850394 0.518465
13.633333 -21.822932 -18.122122 -1.228887 0.087066 0.025639 -0.847532 0.522926
13.666667 -21.682749 -18.212787 -1.181373 0.087469 0.028166 -0.844645 0.527381
13.700000 -21.541759 -18.301752 -1.124243 0.087748 0.030671 -0.841735 0.531828
13.733333 -21.400144 -18.388473 -1.058366 0.087910 0.033139 -0.838801 0.536272
13.766667 -21.257583 -18.473438 -0.984423 0.087949 0.035574 -0.835842 0.540710
13.800000 -21.114253 -18.556580 -0.903023 0.087865 0.037974 -0.832863 0.545139
13.833333 -20.970568 -18.637296 -0.815231 0.087666 0.040325 -0.829861 0.549563
13.866667 -20.826220 -18.715967 -0.721973 0.087347 0.042629 -0.826838 0.553978
13.900000 -20.680851 -18.792972 -0.624253 0.086905 0.044888 -0.823795 0.558386
13.933333 -20.535244 -18.867595 -0.523139 0.086352 0.047088 -0.820730 0.562786
13.966667 -20.388703 -18.940390 -0.419788 0.085678 0.049234 -0.817647 0.567176
14.000000 -20.241889 -19.010910 -0.315250 0.084893 0.051315 -0.814544 0.571557
14.033333 -20.094238 -19.079508 -0.210825 0.083992 0.053334 -0.811423 0.575928
14.066667 -19.946284 -19.145892 -0.107435 0.082983 0.055282 -0.808283 0.580290
14.100000 -19.797751 -19.210241 -0.006360 0.081864 0.057161 -0.805126 0.584640
14.133333 -19.648305 -19.272677 0.091155 0.080630 0.058967 -0.801952 0.588977
14.166667 -19.498760 -19.332801 0.184419 0.079298 0.060693 -0.798761 0.593304
14.200000 -19.348676 -19.390873 0.272176 0.077862 0.062340 -0.795553 0.597617
14.233333 -19.197640 -19.447023 0.353292 0.076317 0.063906 -0.792331 0.601916
14.266667 -19.046642 -19.500829 0.427297 0.074682 0.065384 -0.789092 0.606202
14.300000 -18.895204 -19.552514 0.493161 0.072950 0.066773 -0.785838 0.610473
14.333333 -18.742864 -19.602208 0.549971 0.071118 0.068073 -0.782571 0.614728
14.366667 -18.590568 -19.649636 0.597476 0.069204 0.069279 -0.779288 0.618968
14.400000 -18.437881 -19.694928 0.634971 0.067202 0.070390 -0.775991 0.623192
14.433333 -18.284818 -19.738074 0.662047 0.065116 0.071402 -0.772680 0.627397
14.466667 -18.130992 -19.779049 0.678248 0.062942 0.072315 -0.769357 0.631584
14.500000 -17.977211 -19.817894 0.683705 0.060698 0.073129 -0.766019 0.635754
14.533333 -17.823105 -19.854584 0.678206 0.058379 0.073839 -0.762668 0.639904
14.566667 -17.668691 -19.889112 0.661811 0.055991 0.074444 -0.759305 0.644034
14.600000 -17.513710 -19.921288 0.634591 0.053529 0.074941 -0.755930 0.648142
14.633333 -17.358719 -19.951476 0.597055 0.051011 0.075335 -0.752541 0.652231
14.666667 -17.203471 -19.979494 0.549510 0.048434 0.075621 -0.749139 0.656298
14.700000 -17.047827 -20.005086 0.492433 0.045797 0.075793 -0.745727 0.660341
14.733333 -16.892109 -20.028742 0.426534 0.043113 0.075861 -0.742300 0.664363
14.766667 -16.736185 -20.050218 0.352493 0.040382 0.075818 -0.738860 0.668361
14.800000 -16.580072 -20.069513 0.271120 0.037608 0.075664 -0.735409 0.672335
14.833333 -16.423701 -20.086345 0.183321 0.034792 0.075397 -0.731946 0.676284
14.866667 -16.267163 -20.100927 0.090056 0.031940 0.075018 -0.728471 0.680208
14.900000 -16.110580 -20.113641 -0.007689 0.029062 0.074532 -0.724981 0.684108
14.933333 -15.953674 -20.123845 -0.108696 0.026155 0.073930 -0.721479 0.687981
14.966667 -15.796858 -20.132168 -0.212100 0.023229 0.073222 -0.717963 0.691829
15.000000 -15.639595 -20.138108 -0.316527 0.020282 0.072404 -0.714434 0.695651
15.033333 -15.482609 -20.142037 -0.421072 0.017325 0.071477 -0.710892 0.699445
15.066667 -15.325268 -20.143587 -0.524357 0.014355 0.070442 -0.707336 0.703213
15.100000 -15.168181 -20.143125 -0.625473 0.011386 0.069299 -0.703765 0.706953
15.133333 -15.010777 -20.140320 -0.723111 0.008411 0.068051 -0.700181 0.710665
15.166667 -14.853658 -20.135464 -0.816382 0.005446 0.066697 -0.696581 0.714351
15.200000 -14.696556 -20.128418 -0.904174 0.002490 0.065241 -0.692966 0.718008
15.233333 -14.539488 -20.119180 -0.985527 -0.000454 0.063682 -0.689335 0.721638
15.266667 -14.382088 -20.107506 -1.059439 -0.003388 0.062024 -0.685691 0.725238
15.300000 -14.225118 -20.093874 -1.125314 -0.006293 0.060268 -0.682028 0.728812
15.333333 -14.068234 -20.078055 -1.182325 -0.009171 0.058416 -0.678349 0.732357
15.366667 -13.911452 -20.060050 -1.229848 -0.012020 0.056470 -0.674653 0.735874
15.400000 -13.754791 -20.039861 -1.267362 -0.014835 0.054433 -0.670939 0.739363
15.433333 -13.598267 -20.017491 -1.294457 -0.017611 0.052308 -0.667208 0.742824
15.466667 -13.441897 -19.992943 -1.310835 -0.020346 0.050097 -0.663458 0.746257
15.500000 -13.285699 -19.966218 -1.316318 -0.023035 0.047803 -0.659690 0.749662
15.533333 -13.129691 -19.937321 -1.310845 -0.025674 0.045429 -0.655903 0.753039
15.566667 -12.973695 -19.905668 -1.294291 -0.028269 0.042975 -0.652098 0.756387
15.600000 -12.818104 -19.872397 -1.267196 -0.030798 0.040450 -0.648271 0.759710
15.633333 -12.662752 -19.836963 -1.229682 -0.033266 0.037855 -0.644424 0.763006
15.666667 -12.507656 -19.799369 -1.182160 -0.035671 0.035194 -0.640556 0.766275
15.700000 -12.352836 -19.759620 -1.125150 -0.038008 0.032469 -0.636667 0.769517
15.733333 -12.198306 -19.717720 -1.059277 -0.040274 0.029684 -0.632757 0.772733
15.766667 -12.044084 -19.673673 -0.985263 -0.042467 0.026843 -0.628824 0.775923
15.800000 -11.890187 -19.627484 -0.903918 -0.044584 0.023951 -0.624870 0.779087
15.833333 -11.736632 -19.579160 -0.816134 -0.046622 0.021011 -0.620892 0.782226
15.866667 -11.583435 -19.528703 -0.722873 -0.048577 0.018026 -0.616892 0.785340
15.900000 -11.430614 -19.476122 -0.625156 -0.050448 0.015002 -0.612869 0.788430
15.933333 -11.278186 -19.421421 -0.524055 -0.052232 0.011942 -0.608822 0.791495
15.966667 -11.126165 -19.364605 -0.420676 -0.053927 0.008851 -0.604752 0.794537
16.000000 -10.974571 -19.305683 -0.316153 -0.055531 0.005733 -0.600657 0.797555
16.033333 -10.823419 -19.244659 -0.211630 -0.057042 0.002592 -0.596539 0.800550
16.066667 -10.672726 -19.181541 -0.108254 -0.058457 -0.000567 -0.592396 0.803523
16.100000 -10.522508 -19.116336 -0.007155 -0.059776 -0.003740 -0.588229 0.806473
16.133333 -10.373171 -19.047700 0.090764 -0.061003 -0.006935 -0.584037 0.809402
16.166667 -10.224095 -18.978229 0.184112 -0.062123 -0.010124 -0.579821 0.812309
16.200000 -10.075426 -18.906744 0.271900 -0.063143 -0.013312 -0.575580 0.815195
16.233333 -9.927298 -18.833200 0.353249 -0.064062 -0.016494 -0.571315 0.818060
16.266667 -9.779728 -18.757606 0.427268 -0.064877 -0.019669 -0.567025 0.820906
16.300000 -9.633048 -18.679475 0.493204 -0.065591 -0.022836 -0.562712 0.823730
16.333333 -9.486652 -18.599793 0.550220 -0.066199 -0.025979 -0.558373 0.826536
16.366667 -9.340861 -18.518088 0.597748 -0.066703 -0.029099 -0.554011 0.829323
16.400000 -9.195693 -18.434366 0.635268 -0.067102 -0.032193 -0.549624 0.832091
16.433333 -9.051162 -18.348639 0.662369 -0.067396 -0.035254 -0.545213 0.834840
16.466667 -8.907606 -18.260452 0.678784 -0.067586 -0.038287 -0.540780 0.837570
16.500000 -8.764409 -18.170727 0.684272 -0.067671 -0.041272 -0.536322 0.840283
16.533333 -8.621897 -18.079026 0.678803 -0.067652 -0.044214 -0.531842 0.842978
16.566667 -8.480085 -17.985358 0.662439 -0.067529 -0.047106 -0.527339 0.845656
16.600000 -8.339303 -17.889342 0.635361 -0.067303 -0.049950 -0.522815 0.848316
16.633333 -8.198950 -17.791758 0.597860 -0.066976 -0.052732 -0.518268 0.850959
16.666667 -8.059343 -17.692240 0.550351 -0.066548 -0.055453 -0.513700 0.853586
16.700000 -7.920799 -17.590526 0.493343 -0.066018 -0.058112 -0.509111 0.856195
16.733333 -7.782743 -17.487161 0.427480 -0.065392 -0.060698 -0.504502 0.858788
16.766667 -7.645479 -17.381893 0.353476 -0.064668 -0.063212 -0.499873 0.861365
16.800000 -7.509300 -17.274575 0.272110 -0.063847 -0.065651 -0.495224 0.863925
16.833333 -7.373677 -17.165534 0.184333 -0.062934 -0.068007 -0.490558 0.866468
16.866667 -7.238891 -17.054625 0.091076 -0.061929 -0.070279 -0.485873 0.868996
16.900000 -7.105140 -16.941778 -0.006684 -0.060831 -0.072466 -0.481170 0.871507
16.933333 -6.972082 -16.827167 -0.107787 -0.059649 -0.074560 -0.476450 0.874001
16.966667 -6.839907 -16.710727 -0.211170 -0.058380 -0.076560 -0.471715 0.876479
17.000000 -6.708773 -16.592488 -0.315771 -0.057025 -0.078465 -0.466964 0.878940
17.033333 -6.578414 -16.472424 -0.420304 -0.055592 -0.080269 -0.462198 0.881385
17.066667 -6.449181 -16.350690 -0.523704 -0.054079 -0.081971 -0.457420 0.883812
17.100000 -6.320902 -16.227205 -0.624904 -0.052488 -0.083568 -0.452627 0.886223
17.133333 -6.193378 -16.101813 -0.722629 -0.050829 -0.085057 -0.447821 0.888616
17.166667 -6.066820 -15.974673 -0.815897 -0.049099 -0.086436 -0.443004 0.890992
17.200000 -5.941436 -15.846016 -0.903771 -0.047298 -0.087703 -0.438175 0.893350
17.233333 -5.816867 -15.715424 -0.985124 -0.045438 -0.088855 -0.433336 0.895690
17.266667 -5.693306 -15.583124 -1.059147 -0.043517 -0.089892 -0.428487 0.898012
17.300000 -5.570860 -15.449365 -1.125080 -0.041535 -0.090810 -0.423628 0.900315
17.333333 -5.449368 -15.313700 -1.182100 -0.039503 -0.091610 -0.418762 0.902599
17.366667 -5.328924 -15.176373 -1.229633 -0.037421 -0.092289 -0.413887 0.904864
17.400000 -5.209540 -15.037402 -1.267157 -0.035291 -0.092847 -0.409006 0.907110
17.433333 -5.091145 -14.897039 -1.294287 -0.033116 -0.093278 -0.404118 0.909336
17.466667 -4.973932 -14.754818 -1.310678 -0.030903 -0.093589 -0.399224 0.911541
17.500000 -4.857821 -14.610997 -1.316173 -0.028653 -0.093775 -0.394326 0.913725
17.533333 -4.742806 -14.465606 -1.310706 -0.026371 -0.093835 -0.389422 0.915888
17.566667 -4.628907 -14.318650 -1.294339 -0.024061 -0.093771 -0.384515 0.918029
17.600000 -4.516146 -14.170141 -1.267256 -0.021725 -0.093580 -0.379603 0.920148
17.633333 -4.404273 -14.020385 -1.229758 -0.019366 -0.093258 -0.374690 0.922245
17.666667 -4.293852 -13.868804 -1.182257 -0.016992 -0.092817 -0.369773 0.924318
17.700000 -4.184612 -13.715715 -1.125269 -0.014603 -0.092250 -0.364855 0.926368
17.733333 -4.076551 -13.561145 -1.059406 -0.012205 -0.091558 -0.359935 0.928394
17.766667 -3.969351 -13.405500 -0.985347 -0.009801 -0.090735 -0.355014 0.930396
17.800000 -3.863696 -13.248015 -0.904022 -0.007395 -0.089796 -0.350092 0.932372
17.833333 -3.759268 -13.089090 -0.816258 -0.004991 -0.088735 -0.345169 0.934323
17.866667 -3.655780 -12.929170 -0.722900 -0.002593 -0.087546 -0.340247 0.936248
17.900000 -3.553819 -12.767441 -0.625197 -0.000205 -0.086244 -0.335324 0.938147
17.933333 -3.452889 -12.604726 -0.523991 0.002170 -0.084817 -0.330402 0.940019
17.966667 -3.353445 -12.440260 -0.420620 0.004528 -0.083281 -0.325480 0.941863
18.000000 -3.255102 -12.274859 -0.315978 0.006865 -0.081623 -0.320559 0.943680
18.033333 -3.158223 -12.107729 -0.211455 0.009177 -0.079860 -0.315638 0.945469
18.066667 -3.062495 -11.939704 -0.107955 0.011461 -0.077979 -0.310718 0.947229
18.100000 -2.968219 -11.769987 -0.006849 0.013712 -0.075997 -0.305798 0.948959
18.133333 -2.875122 -11.599384 0.090972 0.015928 -0.073903 -0.300880 0.950661
18.166667 -2.783490 -11.427154 0.184244 0.018104 -0.071712 -0.295962 0.952332
18.200000 -2.693053 -11.254000 0.272100 0.020238 -0.069415 -0.291044 0.953973
18.233333 -2.604107 -11.079331 0.353459 0.022324 -0.067026 -0.286127 0.955584
18.266667 -2.516367 -10.903615 0.427496 0.024362 -0.064539 -0.281211 0.957163
18.300000 -2.430143 -10.726576 0.493380 0.026346 -0.061965 -0.276295 0.958711
18.333333 -2.345143 -10.548463 0.550395 0.028274 -0.059299 -0.271379 0.960228
18.366667 -2.261679 -10.369129 0.597927 0.030144 -0.056553 -0.266462 0.961713
18.400000 -2.179451 -10.188751 0.635435 0.031951 -0.053722 -0.261545 0.963165
18.433333 -2.098784 -10.007200 0.662537 0.033694 -0.050818 -0.256627 0.964585
18.466667 -2.019341 -9.824629 0.678894 0.035369 -0.047837 -0.251709 0.965973
18.500000 -1.941504 -9.640940 0.684382 0.036974 -0.044791 -0.246788 0.967327
18.533333 -1.864879 -9.456237 0.678883 0.038506 -0.041676 -0.241866 0.968649
18.566667 -1.789905 -9.270487 0.662518 0.039964 -0.038504 -0.236941 0.969938
18.600000 -1.716375 -9.083742 0.635429 0.041345 -0.035275 -0.232013 0.971193
18.633333 -1.644057 -8.896101 0.597884 0.042647 -0.031988 -0.227083 0.972415
18.666667 -1.573445 -8.707416 0.550371 0.043867 -0.028659 -0.222148 0.973604
18.700000 -1.504303 -8.517795 0.493369 0.045005 -0.025286 -0.217209 0.974759
18.733333 -1.436364 -8.327387 0.427446 0.046058 -0.021869 -0.212267 0.975881
18.766667 -1.370183 -8.135956 0.353434 0.047025 -0.018422 -0.207319 0.976969
18.800000 -1.305494 -7.943652 0.272091 0.047904 -0.014946 -0.202365 0.978024
18.833333 -1.242294 -7.750518 0.184302 0.048695 -0.011444 -0.197406 0.979045
18.866667 -1.180264 -7.556694 0.090987 0.049395 -0.007916 -0.192440 0.980033
18.900000 -1.120093 -7.361898 -0.006730 0.050004 -0.004378 -0.187467 0.980987
18.933333 -1.061441 -7.166313 -0.107831 0.050521 -0.000830 -0.182487 0.981909
18.966667 -1.004303 -6.969965 -0.211207 0.050946 0.002724 -0.177499 0.982798
19.000000 -0.948682 -6.772873 -0.315729 0.051278 0.006279 -0.172503 0.983653
19.033333 -0.894137 -6.575200 -0.420289 0.051516 0.009839 -0.167499 0.984476
19.066667 -0.841623 -6.376674 -0.523667 0.051662 0.013382 -0.162485 0.985267
19.100000 -0.790657 -6.177469 -0.624768 0.051714 0.016911 -0.157462 0.986025
19.133333 -0.741243 -5.977606 -0.722481 0.051673 0.020422 -0.152429 0.986751
19.166667 -0.693359 -5.777100 -0.815725 0.051539 0.023910 -0.147385 0.987446
19.200000 -0.646425 -5.575992 -0.903521 0.051309 0.027380 -0.142332 0.988109
19.233333 -0.601697 -5.374279 -0.984863 0.050991 0.030807 -0.137267 0.988741
19.266667 -0.558549 -5.171995 -1.058875 0.050581 0.034198 -0.132191 0.989342
19.300000 -0.516980 -4.969163 -1.124745 0.050082 0.037547 -0.127103 0.989913
19.333333 -0.476991 -4.765803 -1.181747 0.049493 0.040849 -0.122005 0.990453
19.366667 -0.437882 -4.561798 -1.229266 0.048811 0.044109 -0.116894 0.990963
19.400000 -0.401063 -4.357445 -1.266778 0.048047 0.047305 -0.111771 0.991444
19.433333 -0.365846 -4.152631 -1.293870 0.047199 0.050441 -0.106636 0.991895
19.466667 -0.332230 -3.947381 -1.310245 0.046266 0.053513 -0.101489 0.992318
19.500000 -0.299631 -3.741530 -1.315719 0.045247 0.056524 -0.096331 0.992713
19.533333 -0.269214 -3.535464 -1.310241 0.044153 0.059455 -0.091159 0.993079
19.566667 -0.240409 -3.329027 -1.293868 0.042981 0.062310 -0.085975 0.993417
19.600000 -0.212794 -3.122071 -1.266774 0.041729 0.065090 -0.080781 0.993729
19.633333 -0.187208 -2.914955 -1.229265 0.040408 0.067781 -0.075573 0.994013
19.666667 -0.163246 -2.707536 -1.181747 0.039016 0.070385 -0.070353 0.994271
19.700000 -0.140636 -2.499645 -1.124726 0.037550 0.072900 -0.065123 0.994502
19.733333 -0.119912 -2.291682 -1.058856 0.036023 0.075317 -0.059880 0.994708
19.766667 -0.100658 -2.083306 -0.984831 0.034429 0.077638 -0.054627 0.994888
19.800000 -0.083187 -1.874891 -0.903488 0.032779 0.079857 -0.049362 0.995044
19.833333 -0.067291 -1.666123 -0.815698 0.031066 0.081971 -0.044087 0.995174
19.866667 -0.053084 -1.457345 -0.722435 0.029304 0.083979 -0.038802 0.995281
19.900000 -0.040539 -1.248322 -0.624725 0.027486 0.085875 -0.033507 0.995363
19.933333 -0.029606 -1.039277 -0.523619 0.025623 0.087661 -0.028203 0.995421
19.966667 -0.020363 -0.829998 -0.420295 0.023713 0.089330 -0.022891 0.995457
