0.433333 -0.064149 2.089874 0.667696 0.042751 0.044059 0.050336 0.996844
0.466667 -0.079597 2.297890 0.683925 0.041617 0.047235 0.055445 0.996475
0.500000 -0.096682 2.505637 0.689258 0.040405 0.050348 0.060560 0.996075
0.533333 -0.115400 2.713091 0.683634 0.039116 0.053393 0.065681 0.995643
0.566667 -0.135750 2.920231 0.667114 0.037753 0.056365 0.070808 0.995180
0.600000 -0.157731 3.127034 0.639878 0.036319 0.059262 0.075943 0.994687
0.633333 -0.181341 3.333477 0.602221 0.034814 0.062079 0.081084 0.994163
0.666667 -0.206576 3.539538 0.554555 0.033243 0.064812 0.086232 0.993609
0.700000 -0.233431 3.745194 0.497401 0.031607 0.067458 0.091387 0.993025
0.733333 -0.261909 3.950424 0.431382 0.029910 0.070013 0.096549 0.992412
0.766667 -0.292008 4.155206 0.357222 0.028154 0.072474 0.101718 0.991770
0.800000 -0.323716 4.359517 0.275730 0.026343 0.074838 0.106895 0.991100
0.833333 -0.357038 4.563335 0.187798 0.024478 0.077101 0.112078 0.990401
0.866667 -0.391972 4.766639 0.094388 0.022565 0.079261 0.117267 0.989675
0.900000 -0.428508 4.969407 -0.003478 0.020605 0.081314 0.122463 0.988922
0.933333 -0.466646 5.171617 -0.104731 0.018601 0.083258 0.127665 0.988141
0.966667 -0.506373 5.373250 -0.208263 0.016558 0.085091 0.132874 0.987335
1.000000 -0.547706 5.574281 -0.312939 0.014479 0.086809 0.138088 0.986502
1.033333 -0.590619 5.774692 -0.417616 0.012366 0.088412 0.143307 0.985644
1.066667 -0.635116 5.974459 -0.521147 0.010225 0.089897 0.148531 0.984760
1.100000 -0.681197 6.173562 -0.622402 0.008058 0.091261 0.153761 0.983852
1.133333 -0.728852 6.371980 -0.720271 0.005868 0.092504 0.158994 0.982919
1.166667 -0.778079 6.569693 -0.813684 0.003659 0.093624 0.164231 0.981962
1.200000 -0.828882 6.766675 -0.901620 0.001437 0.094618 0.169471 0.980982
1.233333 -0.881240 6.962911 -0.983116 -0.000797 0.095487 0.174714 0.979978
1.266667 -0.935413 7.158332 -1.057295 -0.003042 0.096223 0.180014 0.978942
1.300000 -0.990787 7.353003 -1.123326 -0.005286 0.096834 0.185265 0.977892
1.333333 -1.047931 7.546859 -1.180525 -0.007541 0.097320 0.190536 0.976815
1.366667 -1.106488 7.739901 -1.228182 -0.009789 0.097671 0.195788 0.975721
1.400000 -1.166436 7.932105 -1.265835 -0.012027 0.097894 0.201029 0.974607
1.433333 -1.227971 8.123452 -1.293050 -0.014250 0.097990 0.206226 0.973481
1.466667 -1.291446 8.313860 -1.309507 -0.016426 0.097950 0.211341 0.972353
1.500000 -1.356302 8.503363 -1.315161 -0.018631 0.097792 0.216615 0.971168
1.533333 -1.422201 8.691975 -1.309867 -0.020812 0.097499 0.221879 0.969964
1.566667 -1.489721 8.879614 -1.293648 -0.022961 0.097081 0.227129 0.968742
1.600000 -1.558887 9.066255 -1.266702 -0.025075 0.096535 0.232366 0.967501
1.633333 -1.629432 9.251906 -1.229349 -0.027153 0.095858 0.237586 0.966244
1.666667 -1.701599 9.436535 -1.182018 -0.029201 0.095065 0.242821 0.964960
1.700000 -1.775098 9.620133 -1.125188 -0.031207 0.094142 0.248046 0.963658
1.733333 -1.850098 9.802662 -1.059485 -0.033166 0.093097 0.253250 0.962339
1.766667 -1.926588 9.984110 -0.985638 -0.035078 0.091930 0.258449 0.961001
1.800000 -2.004508 10.164456 -0.904451 -0.036940 0.090643 0.263637 0.959643
1.833333 -2.083543 10.343796 -0.816834 -0.038759 0.089238 0.268814 0.958266
1.866667 -2.164573 10.521826 -0.723732 -0.040507 0.087723 0.273996 0.956865
1.900000 -2.246893 10.698726 -0.626174 -0.042197 0.086091 0.279143 0.955451
1.933333 -2.330531 10.874469 -0.525238 -0.043827 0.084348 0.284290 0.954015
1.966667 -2.415502 11.049030 -0.422018 -0.045393 0.082496 0.289420 0.952560
2.000000 -2.502172 11.222278 -0.317661 -0.046885 0.080541 0.294546 0.951082
2.033333 -2.589893 11.394303 -0.213252 -0.048301 0.078474 0.299621 0.949598
2.066667 -2.678766 11.565168 -0.110219 -0.049673 0.076333 0.304828 0.948043
2.100000 -2.769470 11.734638 -0.009245 -0.050940 0.074072 0.309875 0.946518
2.133333 -2.861539 11.902805 0.088326 -0.052132 0.071720 0.314910 0.944971
2.166667 -2.954792 12.069699 0.181418 -0.053248 0.069280 0.319955 0.943395
2.200000 -3.049212 12.235320 0.269032 -0.054283 0.066754 0.324985 0.941797
2.233333 -3.145138 12.399516 0.350203 -0.055232 0.064148 0.330010 0.940174
2.266667 -3.242391 12.562322 0.424063 -0.056094 0.061457 0.334998 0.938538
2.300000 -3.341008 12.723697 0.489765 -0.056865 0.058692 0.339966 0.936880
2.333333 -3.440706 12.883757 0.546618 -0.057549 0.055856 0.344925 0.935198
2.366667 -3.541658 13.042392 0.593976 -0.058141 0.052953 0.349863 0.933494
2.400000 -3.643833 13.199561 0.631321 -0.058639 0.049986 0.354781 0.931769
2.433333 -3.747705 13.355068 0.658251 -0.059044 0.046963 0.359689 0.930017
2.466667 -3.852387 13.509315 0.674466 -0.059353 0.043882 0.364570 0.928246
2.500000 -3.958309 13.662055 0.679784 -0.059566 0.040751 0.369433 0.926450
2.533333 -4.065455 13.813275 0.674148 -0.059683 0.037573 0.374276 0.924631
2.566667 -4.174157 13.962764 0.657615 -0.059705 0.034360 0.379114 0.922782
2.600000 -4.283677 14.110916 0.630366 -0.059626 0.031103 0.383918 0.920915
2.633333 -4.394348 14.257515 0.592698 -0.059448 0.027815 0.388701 0.919023
2.666667 -4.506332 14.402441 0.545030 -0.059178 0.024504 0.393478 0.917100
2.700000 -4.619337 14.545859 0.487869 -0.058802 0.021165 0.398224 0.915157
2.733333 -4.733509 14.687654 0.421847 -0.058336 0.017813 0.402955 0.913185
2.766667 -4.848828 14.827791 0.347663 -0.057760 0.014445 0.407664 0.911189
2.800000 -4.965307 14.966260 0.266165 -0.057091 0.011073 0.412355 0.909165
2.833333 -5.082807 15.103150 0.178231 -0.056325 0.007687 0.417023 0.907117
2.866667 -5.201491 15.238300 0.084820 -0.055462 0.004307 0.421674 0.905040
2.900000 -5.321176 15.371828 -0.013048 -0.054504 0.000926 0.426305 0.902935
2.933333 -5.442003 15.503604 -0.114298 -0.053450 -0.002441 0.430917 0.900804
2.966667 -5.563807 15.633735 -0.217828 -0.052305 -0.005798 0.435512 0.898643
3.000000 -5.686681 15.762107 -0.322522 -0.051067 -0.009130 0.440088 0.896455
3.033333 -5.810567 15.888783 -0.427182 -0.049740 -0.012450 0.444648 0.894237
3.066667 -5.935478 16.013668 -0.530710 -0.048321 -0.015736 0.449190 0.891990
3.100000 -6.061363 16.136824 -0.631958 -0.046818 -0.018989 0.453717 0.889712
3.133333 -6.188214 16.258219 -0.729823 -0.045230 -0.022208 0.458229 0.887405
3.166667 -6.316061 16.377816 -0.823228 -0.043560 -0.025382 0.462724 0.885068
3.200000 -6.444843 16.495628 -0.911158 -0.041809 -0.028511 0.467204 0.882700
3.233333 -6.574582 16.611622 -0.992646 -0.039980 -0.031589 0.471669 0.880302
3.266667 -6.705244 16.725809 -1.066803 -0.038078 -0.034617 0.476121 0.877873
3.300000 -6.836843 16.838140 -1.132814 -0.036101 -0.037586 0.480558 0.875413
3.333333 -6.969330 16.948646 -1.189974 -0.034055 -0.040491 0.484981 0.872923
3.366667 -7.102749 17.057237 -1.237637 -0.031942 -0.043332 0.489394 0.870400
3.400000 -7.236966 17.164046 -1.275290 -0.029766 -0.046105 0.493793 0.867846
3.433333 -7.372105 17.268941 -1.302519 -0.027532 -0.048802 0.498179 0.865262
3.466667 -7.508044 17.371943 -1.319033 -0.025233 -0.051422 0.502553 0.862647
3.500000 -7.644864 17.473020 -1.324646 -0.022884 -0.053960 0.506915 0.860001
3.533333 -7.782486 17.572206 -1.319306 -0.020484 -0.056416 0.511266 0.857324
3.566667 -7.920884 17.669485 -1.303070 -0.018037 -0.058786 0.515609 0.854615
3.600000 -8.060200 17.764761 -1.276096 -0.015543 -0.061054 0.519942 0.851875
3.633333 -8.200097 17.858286 -1.238732 -0.013017 -0.063250 0.524267 0.849102
3.666667 -8.340878 17.949799 -1.191343 -0.010460 -0.065348 0.528589 0.846294
3.700000 -8.482209 18.039623 -1.134388 -0.007911 -0.067349 0.532885 0.843466
3.733333 -8.624327 18.126919 -1.068647 -0.005257 -0.069230 0.537169 0.840612
3.766667 -8.767369 18.212515 -0.994777 -0.002619 -0.071038 0.541457 0.837718
3.800000 -8.911301 18.295941 -0.913572 0.000034 -0.072725 0.545729 0.834800
3.833333 -9.055580 18.377640 -0.825894 0.002715 -0.074307 0.549997 0.831850
3.866667 -9.200922 18.457099 -0.732763 0.005395 -0.075811 0.554272 0.828858
3.900000 -9.347069 18.534484 -0.635152 0.008098 -0.077205 0.558514 0.825855
3.933333 -9.493380 18.610347 -0.534202 0.010784 -0.078482 0.562770 0.822809
3.966667 -9.640574 18.683561 -0.430957 0.013496 -0.079616 0.567006 0.819746
4.000000 -9.788083 18.755021 -0.326451 0.016213 -0.080645 0.571227 0.816660
4.033333 -9.936723 18.824009 -0.222100 0.018905 -0.081589 0.575447 0.813539
4.066667 -10.085403 18.891223 -0.118830 0.021594 -0.082373 0.579664 0.810394
4.100000 -10.235140 18.956314 -0.017857 0.024238 -0.083048 0.583876 0.807220
4.133333 -10.384769 19.019658 0.079731 0.026883 -0.083608 0.588082 0.804019
4.166667 -10.535846 19.080582 0.172872 0.029485 -0.084082 0.592265 0.800801
4.200000 -10.686853 19.139310 0.260542 0.032080 -0.084402 0.596449 0.797556
4.233333 -10.838228 19.196071 0.341772 0.034640 -0.084604 0.600627 0.794285
4.266667 -10.990057 19.250731 0.415675 0.037162 -0.084688 0.604799 0.790990
4.300000 -11.142331 19.303273 0.481436 0.039643 -0.084654 0.608963 0.787671
4.333333 -11.295029 19.353695 0.538334 0.042079 -0.084504 0.613118 0.784331
4.366667 -11.448128 19.401974 0.585753 0.044465 -0.084237 0.617267 0.780967
4.400000 -11.601596 19.448152 0.623144 0.046800 -0.083857 0.621407 0.777580
4.433333 -11.755479 19.492173 0.650192 0.049078 -0.083359 0.625535 0.774176
4.466667 -11.909742 19.533966 0.666428 0.051297 -0.082749 0.629655 0.770750
4.500000 -12.064316 19.573695 0.671807 0.053451 -0.082027 0.633764 0.767305
4.533333 -12.219224 19.611233 0.666231 0.055539 -0.081194 0.637862 0.763843
4.566667 -12.374393 19.646713 0.649762 0.057551 -0.080252 0.641957 0.760354
4.600000 -12.529901 19.679945 0.622582 0.059496 -0.079202 0.646032 0.756856
4.633333 -12.685675 19.710947 0.584984 0.061363 -0.078044 0.650098 0.753337
4.666667 -12.841699 19.739839 0.537364 0.063150 -0.076787 0.654146 0.749806
4.700000 -12.997993 19.766526 0.480270 0.064855 -0.075427 0.658184 0.746257
4.733333 -13.154399 19.791343 0.414325 0.066460 -0.073969 0.662223 0.742679
4.766667 -13.311092 19.813756 0.340229 0.067989 -0.072414 0.666235 0.739098
4.800000 -13.468005 19.833892 0.258798 0.069429 -0.070765 0.670229 0.735503
4.833333 -13.625076 19.851924 0.170948 0.070773 -0.069024 0.674209 0.731894
4.866667 -13.782268 19.867950 0.077633 0.072011 -0.067194 0.678186 0.728260
4.900000 -13.939594 19.881718 -0.020057 0.073159 -0.065278 0.682136 0.724622
4.933333 -14.097098 19.893208 -0.121251 0.074211 -0.063285 0.686065 0.720973
4.966667 -14.254762 19.902378 -0.224737 0.075160 -0.061209 0.689978 0.717311
5.000000 -14.412448 19.909750 -0.329314 0.075986 -0.059054 0.693885 0.713626
5.033333 -14.570256 19.914673 -0.433906 0.076724 -0.056831 0.697760 0.709940
5.066667 -14.728129 19.917412 -0.537351 0.077355 -0.054539 0.701616 0.706242
5.100000 -14.886058 19.917894 -0.638520 0.077880 -0.052182 0.705451 0.702532
5.133333 -15.044044 19.916206 -0.736288 0.078290 -0.049760 0.709267 0.698810
5.166667 -15.202020 19.912437 -0.829608 0.078590 -0.047283 0.713060 0.695078
5.200000 -15.360005 19.906458 -0.917446 0.078780 -0.044753 0.716831 0.691335
5.233333 -15.517977 19.898295 -0.998843 0.078857 -0.042171 0.720579 0.687582
5.266667 -15.675926 19.887964 -1.072914 0.078820 -0.039544 0.724304 0.683818
5.300000 -15.833839 19.875386 -1.138838 0.078672 -0.036874 0.728004 0.680044
5.333333 -15.991680 19.860839 -1.195899 0.078402 -0.034168 0.731681 0.676261
5.366667 -16.149443 19.844024 -1.243458 0.078025 -0.031426 0.735335 0.672463
5.400000 -16.307117 19.825033 -1.281007 0.077533 -0.028655 0.738961 0.668658
5.433333 -16.464687 19.803897 -1.308136 0.076926 -0.025858 0.742562 0.664842
5.466667 -16.622131 19.780605 -1.324551 0.076207 -0.023041 0.746136 0.661016
5.500000 -16.779409 19.755180 -1.330073 0.075375 -0.020206 0.749684 0.657180
5.533333 -16.936636 19.727478 -1.324619 0.074428 -0.017358 0.753206 0.653330
5.566667 -17.093593 19.697712 -1.308286 0.073373 -0.014502 0.756699 0.649472
5.600000 -17.250380 19.665821 -1.281262 0.072205 -0.011644 0.760167 0.645599
5.633333 -17.406951 19.631771 -1.243784 0.070930 -0.008784 0.763603 0.641718
5.666667 -17.563294 19.595440 -1.196285 0.069550 -0.005927 0.767010 0.637827
5.700000 -17.719405 19.557187 -1.139334 0.068058 -0.003084 0.770394 0.633917
5.733333 -17.875257 19.516667 -1.073527 0.066465 -0.000250 0.773745 0.630001
5.766667 -18.030821 19.474077 -0.999548 0.064768 0.002565 0.777067 0.626072
5.800000 -18.186080 19.429393 -0.918204 0.062970 0.005362 0.780362 0.622127
5.833333 -18.341020 19.382499 -0.830467 0.061076 0.008132 0.783626 0.618169
5.866667 -18.495629 19.333544 -0.737226 0.059086 0.010873 0.786859 0.614201
5.900000 -18.649903 19.282514 -0.639513 0.056999 0.013583 0.790063 0.610219
5.933333 -18.803821 19.229391 -0.538430 0.054820 0.016253 0.793240 0.606219
5.966667 -18.957316 19.174058 -0.435061 0.052557 0.018883 0.796384 0.602207
6.000000 -19.110299 19.116326 -0.330590 0.050221 0.021467 0.799496 0.598183
6.033333 -19.262967 19.056705 -0.226074 0.047791 0.024007 0.802582 0.594139
6.066667 -19.415176 18.995230 -0.122726 0.045278 0.026488 0.805637 0.590082
6.100000 -19.566908 18.931528 -0.021624 0.042693 0.028917 0.808663 0.586008
6.133333 -19.718180 18.865793 0.076092 0.040033 0.031287 0.811661 0.581916
6.166667 -19.868959 18.797999 0.169355 0.037304 0.033593 0.814629 0.577806
6.200000 -20.019210 18.728134 0.257146 0.034510 0.035834 0.817568 0.573679
6.233333 -20.168943 18.656224 0.338499 0.031653 0.038006 0.820479 0.569533
6.266667 -20.318055 18.582194 0.412544 0.028742 0.040108 0.823361 0.565370
6.300000 -20.466665 18.506228 0.478431 0.025773 0.042133 0.826215 0.561186
6.333333 -20.614650 18.428169 0.535450 0.022756 0.044082 0.829040 0.556984
6.366667 -20.762095 18.347778 0.582981 0.019689 0.045949 0.831834 0.552769
6.400000 -20.909292 18.266581 0.620572 0.016564 0.047712 0.834617 0.548511
6.433333 -21.055332 18.182366 0.647691 0.013431 0.049415 0.837360 0.544248
6.466667 -21.200814 18.096314 0.664096 0.010253 0.051032 0.840077 0.539965
6.500000 -21.345467 18.007955 0.669570 0.007065 0.052557 0.842765 0.535663
6.533333 -21.489490 17.917815 0.664263 0.003835 0.053996 0.845432 0.531333
6.566667 -21.632955 17.825805 0.647924 0.000585 0.055336 0.848071 0.526985
6.600000 -21.775667 17.731723 0.620580 -0.002687 0.056580 0.850681 0.522621
6.633333 -21.917688 17.635653 0.582782 -0.005947 0.057718 0.853268 0.518234
6.666667 -22.059347 17.537775 0.535102 -0.009236 0.058735 0.855837 0.513817
6.700000 -22.199891 17.438027 0.478688 -0.012523 0.059673 0.858389 0.509364
6.733333 -22.339677 17.336716 0.413622 -0.015777 0.060493 0.860928 0.504871
6.766667 -22.478664 17.233327 0.339822 -0.019042 0.061224 0.863426 0.500384
6.800000 -22.617349 17.128569 0.258305 -0.022313 0.061839 0.865903 0.495873
6.833333 -22.753413 17.019547 0.170174 -0.025530 0.062497 0.868325 0.491380
6.866667 -22.890614 16.912086 0.076654 -0.028762 0.062939 0.870769 0.486798
6.900000 -23.025775 16.800860 -0.020984 -0.031942 0.063310 0.873166 0.482238
6.933333 -23.159819 16.686538 -0.122602 -0.035041 0.063589 0.875527 0.477682
6.966667 -23.292643 16.571773 -0.225218 -0.038176 0.063758 0.877899 0.473043
7.000000 -23.425204 16.455024 -0.329372 -0.041258 0.063809 0.880246 0.468393
7.033333 -23.557090 16.336590 -0.433791 -0.044292 0.063766 0.882559 0.463748
7.066667 -23.687795 16.216355 -0.536838 -0.047294 0.063623 0.884870 0.459044
7.100000 -23.817450 16.094549 -0.636666 -0.050258 0.063375 0.887181 0.454276
7.133333 -23.946109 15.969924 -0.734382 -0.053136 0.063024 0.889437 0.449563
7.166667 -24.074839 15.844614 -0.828521 -0.055943 0.062530 0.891670 0.444842
7.200000 -24.202304 15.717595 -0.915770 -0.058713 0.061987 0.893895 0.440070
7.233333 -24.328775 15.588013 -0.996607 -0.061438 0.061329 0.896126 0.435227
7.266667 -24.454177 15.457396 -1.070363 -0.064064 0.060578 0.898324 0.430394
7.300000 -24.578728 15.325817 -1.136017 -0.066617 0.059748 0.900496 0.425557
7.333333 -24.702457 15.192253 -1.192968 -0.069084 0.058807 0.902651 0.420703
7.366667 -24.824820 15.056691 -1.240213 -0.071461 0.057794 0.904790 0.415823
7.400000 -24.945973 14.919074 -1.277603 -0.073748 0.056689 0.906909 0.410930
7.433333 -25.066241 14.780629 -1.304517 -0.075958 0.055500 0.909013 0.406012
7.466667 -25.185342 14.639816 -1.320440 -0.078060 0.054241 0.911098 0.401080
7.500000 -25.303508 14.497769 -1.325717 -0.080071 0.052885 0.913169 0.396124
7.533333 -25.420580 14.354121 -1.319988 -0.081981 0.051455 0.915222 0.391152
7.566667 -25.536605 14.209039 -1.303354 -0.083791 0.049950 0.917259 0.386160
7.600000 -25.651435 14.062492 -1.276107 -0.085502 0.048374 0.919284 0.381139
7.633333 -25.765194 13.914225 -1.238291 -0.087093 0.046724 0.921287 0.376115
7.666667 -25.878345 13.764031 -1.191037 -0.088568 0.044978 0.923276 0.371072
7.700000 -25.989787 13.612754 -1.133555 -0.089933 0.043213 0.925235 0.366040
7.733333 -26.100597 13.461121 -1.067166 -0.091186 0.041381 0.927178 0.360991
7.766667 -26.210111 13.307332 -0.992946 -0.092317 0.039490 0.929098 0.355943
7.800000 -26.318082 13.151708 -0.911328 -0.093332 0.037549 0.930994 0.350899
7.833333 -26.425101 12.994870 -0.823357 -0.094219 0.035556 0.932875 0.345836
7.866667 -26.530684 12.836144 -0.729908 -0.094986 0.033519 0.934735 0.340771
7.900000 -26.635099 12.676134 -0.631978 -0.095630 0.031436 0.936575 0.335699
7.933333 -26.738289 12.514913 -0.530724 -0.096149 0.029313 0.938397 0.330617
7.966667 -26.840315 12.352534 -0.427022 -0.096546 0.027157 0.940196 0.325534
8.000000 -26.940889 12.188521 -0.322318 -0.096817 0.024963 0.941972 0.320457
8.033333 -27.040136 12.023098 -0.217729 -0.096959 0.022740 0.943727 0.315374
8.066667 -27.138309 11.856509 -0.114243 -0.096977 0.020488 0.945465 0.310276
8.100000 -27.235377 11.689170 -0.012695 -0.096865 0.018221 0.947182 0.305175
8.133333 -27.330820 11.520061 0.085286 -0.096622 0.015935 0.948876 0.300073
8.166667 -27.425263 11.349979 0.178619 -0.096254 0.013628 0.950551 0.294961
8.200000 -27.517754 11.178006 0.266821 -0.095762 0.011326 0.952195 0.289873
8.233333 -27.609258 11.005281 0.348402 -0.095140 0.009006 0.953820 0.284771
8.266667 -27.699484 10.831324 0.422659 -0.094391 0.006682 0.955423 0.279666
8.300000 -27.788308 10.656223 0.488750 -0.093520 0.004357 0.957001 0.274563
8.333333 -27.875671 10.479824 0.546014 -0.092520 0.002040 0.958554 0.269464
8.366667 -27.961683 10.302415 0.593775 -0.091397 -0.000270 0.960082 0.264364
8.400000 -28.046394 10.123956 0.631473 -0.090155 -0.002571 0.961586 0.259264
8.433333 -28.129688 9.944345 0.658848 -0.088792 -0.004853 0.963063 0.254168
8.466667 -28.211500 9.763701 0.675521 -0.087309 -0.007114 0.964515 0.249075
8.500000 -28.291915 9.582003 0.681262 -0.085710 -0.009354 0.965939 0.243984
8.533333 -28.370821 9.399218 0.676038 -0.083994 -0.011564 0.967337 0.238895
8.566667 -28.448386 9.215452 0.659922 -0.082168 -0.013747 0.968707 0.233810
8.600000 -28.524549 9.030806 0.633111 -0.080231 -0.015896 0.970049 0.228726
8.633333 -28.599040 8.844877 0.595894 -0.078186 -0.017996 0.971362 0.223650
8.666667 -28.672322 8.658294 0.548617 -0.076032 -0.020072 0.972647 0.218572
8.700000 -28.743889 8.470634 0.491891 -0.073777 -0.022093 0.973903 0.213501
8.733333 -28.814084 8.282068 0.426310 -0.071423 -0.024070 0.975128 0.208433
8.766667 -28.882669 8.092563 0.352573 -0.068972 -0.025994 0.976324 0.203370
8.800000 -28.949934 7.902281 0.271518 -0.066428 -0.027865 0.977489 0.198308
8.833333 -29.015606 7.711170 0.184026 -0.063793 -0.029676 0.978624 0.193248
8.866667 -29.079898 7.519222 0.091040 -0.061072 -0.031431 0.979727 0.188193
8.900000 -29.142436 7.326317 -0.006332 -0.058266 -0.033118 0.980799 0.183145
8.933333 -29.203656 7.132735 -0.107127 -0.055383 -0.034744 0.981839 0.178096
8.966667 -29.263149 6.938276 -0.210202 -0.052420 -0.036301 0.982846 0.173054
9.000000 -29.321337 6.743234 -0.314416 -0.049388 -0.037786 0.983822 0.168010
9.033333 -29.377995 6.547504 -0.418636 -0.046288 -0.039196 0.984765 0.162967
9.066667 -29.433112 6.350983 -0.521697 -0.043129 -0.040534 0.985675 0.157927
9.100000 -29.486654 6.153817 -0.622457 -0.039904 -0.041792 0.986553 0.152889
9.133333 -29.538752 5.956036 -0.719849 -0.036628 -0.042972 0.987397 0.147851
9.166667 -29.589148 5.757543 -0.812778 -0.033302 -0.044068 0.988207 0.142815
9.200000 -29.638225 5.558576 -0.900250 -0.029926 -0.045085 0.988984 0.137776
9.233333 -29.685668 5.358975 -0.981257 -0.026511 -0.046013 0.989727 0.132739
9.266667 -29.731614 5.158824 -1.054938 -0.023054 -0.046859 0.990437 0.127700
9.300000 -29.775839 4.958042 -1.120427 -0.019573 -0.047609 0.991113 0.122663
9.333333 -29.818816 4.756964 -1.177136 -0.016063 -0.048273 0.991755 0.117618
9.366667 -29.859974 4.555179 -1.224299 -0.012526 -0.048852 0.992362 0.112577
9.400000 -29.899326 4.352898 -1.261439 -0.008973 -0.049327 0.992936 0.107536
9.433333 -29.937785 4.150521 -1.288216 -0.005404 -0.049722 0.993477 0.102480
9.466667 -29.973268 3.946488 -1.304453 -0.001820 -0.050041 0.993980 0.097454
9.500000 -30.007189 3.742497 -1.309412 0.001764 -0.050249 0.994450 0.092415
9.533333 -30.041145 3.539088 -1.303530 0.005330 -0.050360 0.994890 0.087342
9.566667 -30.074013 3.335391 -1.286826 0.008895 -0.050390 0.995296 0.082260
9.600000 -30.105429 3.131355 -1.259373 0.012445 -0.050327 0.995669 0.077172
9.633333 -30.134160 2.926542 -1.221487 0.015988 -0.050167 0.996007 0.072094
9.666667 -30.161429 2.721409 -1.173581 0.019507 -0.049918 0.996312 0.067010
9.700000 -30.187100 2.516047 -1.116224 0.023010 -0.049573 0.996584 0.061919
9.733333 -30.211156 2.310420 -1.049966 0.026475 -0.049140 0.996823 0.056821
9.766667 -30.233661 2.104569 -0.975570 0.029907 -0.048619 0.997029 0.051715
9.800000 -30.254516 1.898488 -0.893837 0.033299 -0.048007 0.997203 0.046603
9.833333 -30.274458 1.692558 -0.805734 0.036649 -0.047338 0.997345 0.041469
9.866667 -30.291474 1.485785 -0.711987 0.039942 -0.046525 0.997456 0.036354
9.900000 -30.307580 1.279285 -0.613866 0.043187 -0.045655 0.997535 0.031215
9.933333 -30.321921 1.072578 -0.512361 0.046377 -0.044701 0.997583 0.026070
9.966667 -30.334771 0.865813 -0.408560 0.049500 -0.043667 0.997600 0.020915
10.000000 -30.346127 0.659044 -0.303610 0.052557 -0.042553 0.997587 0.015748
10.033333 -30.355638 0.452196 -0.198659 0.055548 -0.041358 0.997543 0.010575
10.066667 -30.363594 0.245317 -0.094889 0.058468 -0.040090 0.997469 0.005392
10.100000 -30.369966 0.038465 0.006639 0.061303 -0.038748 0.997367 0.000199
10.133333 -30.374603 -0.168379 0.104781 0.064059 -0.037334 0.997235 -0.005003
10.166667 -30.377681 -0.375171 0.198477 0.066728 -0.035852 0.997075 -0.010215
10.200000 -30.379147 -0.581892 0.286699 0.069307 -0.034304 0.996886 -0.015436
10.233333 -30.378961 -0.788489 0.368485 0.071793 -0.032691 0.996669 -0.020667
10.266667 -30.377166 -0.995005 0.442944 0.074183 -0.031020 0.996425 -0.025907
10.300000 -30.373689 -1.201429 0.509256 0.076475 -0.029290 0.996154 -0.031154
10.333333 -30.368117 -1.407665 0.566687 0.078670 -0.027502 0.995856 -0.036408
10.366667 -30.360922 -1.613683 0.614583 0.080769 -0.025659 0.995531 -0.041671
10.400000 -30.352999 -1.819464 0.652636 0.082728 -0.023779 0.995182 -0.046948
10.433333 -30.342997 -2.025063 0.680194 0.084590 -0.021848 0.994806 -0.052229
10.466667 -30.331404 -2.230358 0.697024 0.086341 -0.019875 0.994405 -0.057520
10.500000 -30.317868 -2.435393 0.702976 0.087972 -0.017861 0.993980 -0.062815
10.533333 -30.303159 -2.640189 0.697992 0.089490 -0.015817 0.993530 -0.068118
10.566667 -30.286696 -2.844626 0.682103 0.090886 -0.013739 0.993056 -0.073428
10.600000 -30.268576 -3.048706 0.655503 0.092160 -0.011631 0.992558 -0.078743
10.633333 -30.248697 -3.252419 0.618464 0.093312 -0.009497 0.992036 -0.084062
10.666667 -30.227395 -3.455754 0.571442 0.094339 -0.007345 0.991492 -0.089387
10.700000 -30.204367 -3.658675 0.514923 0.095240 -0.005173 0.990925 -0.094715
10.733333 -30.179803 -3.861132 0.449565 0.096013 -0.002987 0.990335 -0.100048
10.766667 -30.153997 -4.063146 0.376072 0.096655 -0.000796 0.989723 -0.105385
10.800000 -30.125911 -4.264763 0.295238 0.097172 0.001407 0.989089 -0.110718
10.833333 -30.096011 -4.465780 0.207967 0.097562 0.003619 0.988433 -0.116054
10.866667 -30.065359 -4.666352 0.115234 0.097815 0.005819 0.987756 -0.121393
10.900000 -30.033259 -4.866289 0.018017 0.097956 0.008020 0.987055 -0.126735
10.933333 -29.999065 -5.065920 -0.082457 0.097939 0.010203 0.986338 -0.132067
10.966667 -29.963277 -5.264641 -0.185277 0.097794 0.012380 0.985598 -0.137404
11.000000 -29.925484 -5.462876 -0.289299 0.097534 0.014552 0.984836 -0.142734
11.033333 -29.886004 -5.660417 -0.393301 0.097124 0.016706 0.984056 -0.148062
11.066667 -29.846069 -5.857245 -0.496237 0.096632 0.018835 0.983248 -0.153395
11.100000 -29.803957 -6.053470 -0.596795 0.095985 0.020936 0.982424 -0.158717
11.133333 -29.760655 -6.249039 -0.693942 0.095197 0.022997 0.981581 -0.164034
11.166667 -29.715132 -6.443888 -0.786697 0.094312 0.025041 0.980715 -0.169342
11.200000 -29.668792 -6.638157 -0.873922 0.093216 0.027023 0.979837 -0.174644
11.233333 -29.621412 -6.831456 -0.954612 0.092118 0.028972 0.978926 -0.179942
11.266667 -29.571992 -7.024035 -1.028041 0.090853 0.030884 0.977999 -0.185230
11.300000 -29.520003 -7.215782 -1.093305 0.089480 0.032750 0.977052 -0.190502
11.333333 -29.468028 -7.406765 -1.149767 0.087952 0.034570 0.976085 -0.195775
11.366667 -29.414479 -7.596884 -1.196680 0.086327 0.036323 0.975097 -0.201035
11.400000 -29.358788 -7.786239 -1.233595 0.084597 0.038044 0.974086 -0.206282
11.433333 -29.301617 -7.974481 -1.260114 0.082734 0.039681 0.973058 -0.211517
11.466667 -29.243222 -8.161919 -1.275882 0.080779 0.041264 0.972006 -0.216741
11.500000 -29.183207 -8.348469 -1.280763 0.078710 0.042784 0.970934 -0.221950
11.533333 -29.123213 -8.534250 -1.274682 0.076535 0.044232 0.969839 -0.227154
11.566667 -29.060644 -8.718740 -1.257636 0.074287 0.045599 0.968721 -0.232338
11.600000 -28.994774 -8.902390 -1.230072 0.071879 0.046910 0.967589 -0.237498
11.633333 -28.929907 -9.084920 -1.191839 0.069471 0.048148 0.966422 -0.242658
11.666667 -28.863545 -9.266564 -1.143657 0.066936 0.049293 0.965239 -0.247799
11.700000 -28.795198 -9.447109 -1.086020 0.064309 0.050365 0.964032 -0.252922
11.733333 -28.725372 -9.626611 -1.019516 0.061601 0.051356 0.962803 -0.258029
11.766667 -28.653838 -9.805001 -0.944866 0.058815 0.052272 0.961549 -0.263120
11.800000 -28.582389 -9.982343 -0.862874 0.055948 0.053071 0.960272 -0.268198
11.833333 -28.508325 -10.158523 -0.774433 0.053021 0.053808 0.958971 -0.273255
11.866667 -28.432796 -10.333507 -0.680537 0.050021 0.054457 0.957645 -0.278296
11.900000 -28.356110 -10.507362 -0.582171 0.046962 0.055011 0.956294 -0.283320
11.933333 -28.278305 -10.680038 -0.480406 0.043844 0.055469 0.954918 -0.288327
11.966667 -28.199050 -10.851514 -0.376365 0.040674 0.055836 0.953516 -0.293316
12.000000 -28.118386 -11.021749 -0.271176 0.037454 0.056111 0.952089 -0.298288
12.033333 -28.036423 -11.190749 -0.165986 0.034190 0.056290 0.950635 -0.303243
12.066667 -27.953028 -11.358464 -0.061940 0.030887 0.056375 0.949154 -0.308179
12.100000 -27.868436 -11.524923 0.039842 0.027549 0.056362 0.947646 -0.313099
12.133333 -27.782517 -11.690071 0.138238 0.024180 0.056254 0.946111 -0.318002
12.166667 -27.695321 -11.853909 0.232180 0.020784 0.056048 0.944548 -0.322887
12.200000 -27.606809 -12.016398 0.320649 0.017368 0.055747 0.942956 -0.327756
12.233333 -27.516915 -12.177506 0.402675 0.013936 0.055348 0.941337 -0.332607
12.266667 -27.425781 -12.337245 0.477378 0.010491 0.054854 0.939688 -0.337442
12.300000 -27.333420 -12.495602 0.543942 0.007040 0.054263 0.938010 -0.342261
12.333333 -27.239771 -12.652534 0.601650 0.003587 0.053577 0.936303 -0.347064
12.366667 -27.144892 -12.808044 0.649869 0.000136 0.052796 0.934566 -0.351851
12.400000 -27.048718 -12.962084 0.688081 -0.003307 0.051922 0.932798 -0.356623
12.433333 -26.951336 -13.114664 0.715881 -0.006739 0.050955 0.931001 -0.361380
12.466667 -26.852720 -13.265752 0.732967 -0.010153 0.049896 0.929172 -0.366123
12.500000 -26.752912 -13.415351 0.739164 -0.013546 0.048747 0.927313 -0.370851
12.533333 -26.651909 -13.563429 0.734407 -0.016913 0.047510 0.925423 -0.375566
12.566667 -26.549693 -13.709966 0.718758 -0.020249 0.046185 0.923501 -0.380267
12.600000 -26.446319 -13.854954 0.692396 -0.023550 0.044775 0.921547 -0.384956
12.633333 -26.341790 -13.998379 0.655622 -0.026811 0.043282 0.919562 -0.389632
12.666667 -26.236091 -14.140212 0.608842 -0.030028 0.041707 0.917545 -0.394296
12.700000 -26.129276 -14.280455 0.552579 -0.033197 0.040053 0.915496 -0.398948
12.733333 -26.021328 -14.419081 0.487457 -0.036313 0.038322 0.913416 -0.403590
12.766667 -25.912270 -14.556081 0.414200 -0.039372 0.036518 0.911302 -0.408221
12.800000 -25.802138 -14.691438 0.333614 -0.042371 0.034641 0.909157 -0.412842
12.833333 -25.690908 -14.825129 0.246594 -0.045304 0.032695 0.906979 -0.417453
12.866667 -25.578636 -14.957165 0.154101 -0.048169 0.030683 0.904770 -0.422055
12.900000 -25.465262 -15.087457 0.057172 -0.050956 0.028610 0.902529 -0.426646
12.933333 -25.350923 -15.216154 -0.043167 -0.053675 0.026475 0.900254 -0.431231
12.966667 -25.235470 -15.343055 -0.145796 -0.056314 0.024283 0.897948 -0.435807
13.000000 -25.118903 -15.468264 -0.249491 -0.058863 0.022039 0.895611 -0.440376
13.033333 -25.002625 -15.592012 -0.353230 -0.061333 0.019739 0.893238 -0.444942
13.066667 -24.884094 -15.713537 -0.455853 -0.063711 0.017392 0.890837 -0.449497
13.100000 -24.765100 -15.833712 -0.556193 -0.066001 0.014999 0.888404 -0.454046
13.133333 -24.644315 -15.951736 -0.653064 -0.068183 0.012589 0.885942 -0.458583
13.166667 -24.523170 -16.068136 -0.745528 -0.070273 0.010126 0.883448 -0.463119
13.200000 -24.400993 -16.182721 -0.832497 -0.072263 0.007635 0.880922 -0.467650
13.233333 -24.278188 -16.295591 -0.913001 -0.074147 0.005113 0.878366 -0.472175
13.266667 -24.154259 -16.406527 -0.986233 -0.075928 0.002566 0.875781 -0.476694
13.300000 -24.030555 -16.516218 -1.051200 -0.077592 -0.000004 0.873165 -0.481209
13.333333 -23.904552 -16.623270 -1.107413 -0.079155 -0.002582 0.870520 -0.485718
13.366667 -23.777889 -16.728564 -1.154138 -0.080610 -0.005177 0.867846 -0.490222
13.400000 -23.650481 -16.831992 -1.190876 -0.081952 -0.007782 0.865144 -0.494722
13.433333 -23.522602 -16.933741 -1.217146 -0.083176 -0.010392 0.862413 -0.499217
13.466667 -23.393669 -17.033491 -1.232685 0.084282 0.012999 -0.859656 0.503706
13.500000 -23.264497 -17.131742 -1.237294 0.085270 0.015605 -0.856870 0.508193
13.533333 -23.137389 -17.229017 -1.231020 0.086135 0.018245 -0.854055 0.512678
13.566667 -23.006262 -17.323268 -1.213695 0.086883 0.020817 -0.851217 0.517153
13.600000 -22.873941 -17.414877 -1.185955 0.087523 0.023399 -0.848355 0.521619
13.633333 -22.740288 -17.504612 -1.147664 0.088054 0.025936 -0.845463 0.526086
13.666667 -22.606161 -17.592504 -1.099338 0.088452 0.028460 -0.842548 0.530546
13.700000 -22.472265 -17.678837 -1.041464 0.088723 0.030955 -0.839611 0.534999
13.733333 -22.337410 -17.763163 -0.974992 0.088892 0.033439 -0.836649 0.539443
13.766667 -22.202200 -17.845531 -0.900088 0.088920 0.035866 -0.833665 0.543883
13.800000 -22.066358 -17.925796 -0.817872 0.088824 0.038251 -0.830660 0.548316
13.833333 -21.929278 -18.003594 -0.729316 0.088625 0.040595 -0.827632 0.552742
13.866667 -21.792206 -18.079842 -0.635190 0.088293 0.042900 -0.824583 0.557160
13.900000 -21.654729 -18.154272 -0.536717 0.087852 0.045159 -0.821512 0.561570
13.933333 -21.516732 -18.226546 -0.434784 0.087292 0.047360 -0.818420 0.565974
13.966667 -21.378013 -18.296841 -0.330479 0.086609 0.049494 -0.815310 0.570367
14.000000 -21.238350 -18.364617 -0.225240 0.085812 0.051571 -0.812183 0.574748
14.033333 -21.098323 -18.430444 -0.119706 0.084898 0.053563 -0.809038 0.579120
14.066667 -20.956553 -18.493305 -0.015730 0.083911 0.055523 -0.805871 0.583479
14.100000 -20.815271 -18.554839 0.086244 0.082775 0.057396 -0.802690 0.587828
14.133333 -20.674323 -18.615092 0.184842 0.081547 0.059196 -0.799488 0.592170
14.166667 -20.532648 -18.673022 0.279003 0.080209 0.060915 -0.796269 0.596499
14.200000 -20.390765 -18.729064 0.367655 0.078760 0.062560 -0.793035 0.600815
14.233333 -20.248110 -18.782789 0.449854 0.077222 0.064124 -0.789784 0.605117
14.266667 -20.104391 -18.833083 0.524795 0.075571 0.065576 -0.786525 0.609400
14.300000 -19.961031 -18.882551 0.591549 0.073836 0.066958 -0.783242 0.613674
14.333333 -19.816536 -18.929506 0.649441 0.071989 0.068271 -0.779947 0.617931
14.366667 -19.672502 -18.974872 0.697846 0.070080 0.069457 -0.776638 0.622171
14.400000 -19.527343 -19.017479 0.736201 0.068091 0.070550 -0.773317 0.626392
14.433333 -19.382681 -19.058653 0.764305 0.065999 0.071562 -0.769977 0.630601
14.466667 -19.237238 -19.097280 0.781579 0.063817 0.072462 -0.766630 0.634788
14.500000 -19.091295 -19.133571 0.787951 0.061570 0.073262 -0.763268 0.638955
14.533333 -18.945182 -19.167627 0.783372 0.059238 0.073957 -0.759895 0.643103
14.566667 -18.798871 -19.199941 0.767916 0.056856 0.074565 -0.756502 0.647234
14.600000 -18.652198 -19.229989 0.741743 0.054390 0.075056 -0.753102 0.651341
14.633333 -18.505352 -19.258215 0.705176 0.051860 0.075437 -0.749691 0.655426
14.666667 -18.359090 -19.284775 0.658437 0.049264 0.075741 -0.746267 0.659486
14.700000 -18.211237 -19.307858 0.602303 0.046623 0.075893 -0.742834 0.663525
14.733333 -18.062721 -19.328257 0.537256 0.043920 0.075934 -0.739390 0.667539
14.766667 -17.915913 -19.348219 0.464291 0.041205 0.075893 -0.735920 0.671538
14.800000 -17.768151 -19.365356 0.383896 0.038428 0.075730 -0.732443 0.675511
14.833333 -17.620910 -19.381165 0.297399 0.035617 0.075461 -0.728948 0.679464
14.866667 -17.472792 -19.393818 0.205122 0.032767 0.075073 -0.725447 0.683386
14.900000 -17.325408 -19.405149 0.108395 0.029874 0.074589 -0.721928 0.687287
14.933333 -17.177016 -19.413415 0.008263 0.026984 0.073978 -0.718402 0.691157
14.966667 -17.028144 -19.419109 -0.094221 0.024052 0.073238 -0.714867 0.694998
15.000000 -16.879584 -19.422902 -0.197813 0.021108 0.072405 -0.711315 0.698815
15.033333 -16.731046 -19.424486 -0.301311 0.018149 0.071464 -0.707751 0.702604
15.066667 -16.582282 -19.423647 -0.403693 0.015194 0.070420 -0.704171 0.706366
15.100000 -16.434008 -19.421365 -0.503793 0.012224 0.069260 -0.700577 0.710103
15.133333 -16.284919 -19.415857 -0.600678 0.009262 0.067990 -0.696975 0.713805
15.166667 -16.136657 -19.409227 -0.692970 0.006287 0.066613 -0.693353 0.717485
15.200000 -15.988398 -19.400239 -0.779773 0.003332 0.065147 -0.689714 0.721137
15.233333 -15.840236 -19.389226 -0.860104 0.000385 0.063567 -0.686061 0.724762
15.266667 -15.692049 -19.375703 -0.933114 -0.002528 0.061907 -0.682391 0.728357
15.300000 -15.543997 -19.360092 -0.997950 -0.005420 0.060138 -0.678705 0.731924
15.333333 -15.395876 -19.341772 -1.053758 -0.008261 0.058270 -0.675003 0.735464
15.366667 -15.248318 -19.322217 -1.100546 -0.011101 0.056321 -0.671283 0.738975
15.400000 -15.100781 -19.300118 -1.137147 -0.013940 0.054255 -0.667549 0.742455
15.433333 -14.953492 -19.275948 -1.163105 -0.016691 0.052126 -0.663794 0.745910
15.466667 -14.806467 -19.249633 -1.178300 -0.019379 0.049952 -0.660015 0.749340
15.500000 -14.659309 -19.221726 -1.183343 -0.022142 0.047567 -0.656235 0.752730
15.533333 -14.512655 -19.191450 -1.176863 -0.024764 0.045220 -0.652424 0.756099
15.566667 -14.366138 -19.158472 -1.159619 -0.027336 0.042749 -0.648597 0.759438
15.600000 -14.220071 -19.123474 -1.131637 -0.029855 0.040212 -0.644748 0.762753
15.633333 -14.074038 -19.088293 -1.093763 -0.032468 0.037509 -0.640887 0.766030
15.666667 -13.928457 -19.048653 -1.044812 -0.034770 0.034908 -0.636994 0.769292
15.700000 -13.783403 -19.007576 -0.986542 -0.037037 0.032243 -0.633075 0.772531
15.733333 -13.638649 -18.964444 -0.919588 -0.039299 0.029443 -0.629141 0.775738
15.766667 -13.493992 -18.918922 -0.844563 -0.041477 0.026591 -0.625190 0.778916
15.800000 -13.349793 -18.871402 -0.762209 -0.043589 0.023687 -0.621214 0.782069
15.833333 -13.206011 -18.821833 -0.673438 -0.045617 0.020738 -0.617215 0.785197
15.866667 -13.062645 -18.770189 -0.579177 -0.047562 0.017743 -0.613194 0.788299
15.900000 -12.919672 -18.716388 -0.480446 -0.049425 0.014714 -0.609149 0.791377
15.933333 -12.777130 -18.660537 -0.378319 -0.051199 0.011647 -0.605081 0.794430
15.966667 -12.635072 -18.602492 -0.273904 -0.052880 0.008554 -0.600989 0.797460
16.000000 -12.493412 -18.542432 -0.168424 -0.054481 0.005417 -0.596875 0.800464
16.033333 -12.352227 -18.480312 -0.062887 -0.055982 0.002271 -0.592735 0.803446
16.066667 -12.211579 -18.416115 0.041518 -0.057386 -0.000894 -0.588571 0.806406
16.100000 -12.071412 -18.349806 0.143637 -0.058697 -0.004075 -0.584383 0.809342
16.133333 -11.931757 -18.281543 0.242403 -0.059908 -0.007255 -0.580170 0.812257
16.166667 -11.792691 -18.211180 0.336656 -0.061020 -0.010456 -0.575933 0.815150
16.200000 -11.654093 -18.138607 0.425461 -0.062026 -0.013648 -0.571672 0.818021
16.233333 -11.516106 -18.064128 0.507830 -0.062936 -0.016832 -0.567385 0.820871
16.266667 -11.378707 -17.987599 0.582876 -0.063741 -0.020009 -0.563074 0.823702
16.300000 -11.241899 -17.909042 0.649774 -0.064444 -0.023173 -0.558738 0.826512
16.333333 -11.105714 -17.828459 0.707820 -0.065042 -0.026319 -0.554379 0.829302
16.366667 -10.970141 -17.745862 0.756381 -0.065536 -0.029441 -0.549995 0.832072
16.400000 -10.835205 -17.661271 0.794935 -0.065927 -0.032535 -0.545586 0.834824
16.433333 -10.700928 -17.574640 0.823074 -0.066209 -0.035598 -0.541155 0.837556
16.466667 -10.567273 -17.486047 0.840491 -0.066392 -0.038623 -0.536700 0.840270
16.500000 -10.434394 -17.395485 0.847015 -0.066467 -0.041610 -0.532221 0.842966
16.533333 -10.302372 -17.302546 0.843134 -0.066414 -0.044487 -0.527717 0.845651
16.566667 -10.171224 -17.208223 0.827670 -0.066282 -0.047407 -0.523191 0.848310
16.600000 -10.040516 -17.111723 0.801202 -0.066072 -0.050307 -0.518644 0.850948
16.633333 -9.910496 -17.013099 0.764939 -0.065733 -0.053067 -0.514076 0.853574
16.666667 -9.781280 -16.912885 0.718398 -0.065298 -0.055792 -0.509486 0.856182
16.700000 -9.652764 -16.810610 0.662412 -0.064767 -0.058448 -0.504875 0.858772
16.733333 -9.525081 -16.706463 0.597524 -0.064138 -0.061041 -0.500244 0.861346
16.766667 -9.398195 -16.600363 0.524551 -0.063411 -0.063552 -0.495593 0.863902
16.800000 -9.272219 -16.492617 0.444207 -0.062582 -0.065994 -0.490923 0.866442
16.833333 -9.147151 -16.382915 0.357591 -0.061660 -0.068333 -0.486233 0.868969
16.866667 -9.022849 -16.271220 0.265428 -0.060652 -0.070601 -0.481526 0.871476
16.900000 -8.899540 -16.157699 0.168937 -0.059548 -0.072772 -0.476801 0.873968
16.933333 -8.776876 -16.042537 0.068740 -0.058364 -0.074865 -0.472059 0.876441
16.966667 -8.655208 -15.925438 -0.033624 -0.057095 -0.076867 -0.467301 0.878898
17.000000 -8.534433 -15.806525 -0.137113 -0.055743 -0.078766 -0.462529 0.881338
17.033333 -8.414622 -15.685880 -0.240614 -0.054310 -0.080568 -0.457740 0.883761
17.066667 -8.295743 -15.563553 -0.342985 -0.052798 -0.082264 -0.452938 0.886167
17.100000 -8.177900 -15.439416 -0.443008 -0.051210 -0.083855 -0.448122 0.888556
17.133333 -8.061030 -15.313540 -0.539647 -0.049550 -0.085336 -0.443294 0.890928
17.166667 -7.945158 -15.185893 -0.631799 -0.047820 -0.086704 -0.438454 0.893283
17.200000 -7.830293 -15.056602 -0.718496 -0.046024 -0.087961 -0.433602 0.895619
17.233333 -7.716443 -14.925605 -0.798755 -0.044165 -0.089106 -0.428740 0.897937
17.266667 -7.603634 -14.792959 -0.871689 -0.042246 -0.090134 -0.423868 0.900237
17.300000 -7.491891 -14.658641 -0.936458 -0.040269 -0.091039 -0.418987 0.902519
17.333333 -7.381220 -14.522740 -0.992382 -0.038238 -0.091826 -0.414097 0.904781
17.366667 -7.272205 -14.385319 -1.038458 -0.036137 -0.092461 -0.409198 0.907029
17.400000 -7.163676 -14.246238 -1.074922 -0.034011 -0.093006 -0.404293 0.909253
17.433333 -7.056217 -14.105469 -1.100926 -0.031844 -0.093439 -0.399382 0.911455
17.466667 -6.949951 -13.963442 -1.116313 -0.029637 -0.093745 -0.394462 0.913638
17.500000 -6.844850 -13.819614 -1.120692 -0.027390 -0.093923 -0.389538 0.915799
17.533333 -6.741020 -13.674275 -1.114023 -0.025111 -0.093955 -0.384611 0.917941
17.566667 -6.638203 -13.527377 -1.096545 -0.022806 -0.093879 -0.379680 0.920060
17.600000 -6.536512 -13.378897 -1.068352 -0.020480 -0.093678 -0.374746 0.922156
17.633333 -6.436037 -13.228944 -1.029710 -0.018131 -0.093348 -0.369808 0.924229
17.666667 -6.336783 -13.077501 -0.981051 -0.015765 -0.092892 -0.364868 0.926280
17.700000 -6.238777 -12.924639 -0.922957 -0.013382 -0.092315 -0.359925 0.928307
17.733333 -6.142031 -12.770304 -0.855884 -0.010992 -0.091597 -0.354982 0.930310
17.766667 -6.046478 -12.614572 -0.780736 -0.008597 -0.090763 -0.350037 0.932289
17.800000 -5.951859 -12.457567 -0.698391 -0.006206 -0.089824 -0.345089 0.934241
17.833333 -5.858751 -12.299029 -0.609456 -0.003815 -0.088751 -0.340142 0.936169
17.866667 -5.766840 -12.139024 -0.515080 -0.001431 -0.087552 -0.335196 0.938070
17.900000 -5.676212 -11.977699 -0.416247 0.000944 -0.086236 -0.330250 0.939946
17.933333 -5.586867 -11.815033 -0.314026 0.003305 -0.084802 -0.325303 0.941794
17.966667 -5.498773 -11.651051 -0.209538 0.005645 -0.083257 -0.320357 0.943614
18.000000 -5.411978 -11.485738 -0.103915 0.007965 -0.081598 -0.315411 0.945407
18.033333 -5.326313 -11.318921 0.001710 0.010252 -0.079824 -0.310469 0.947171
18.066667 -5.242180 -11.151006 0.106212 0.012521 -0.077928 -0.305526 0.948907
18.100000 -5.159417 -10.981849 0.208459 0.014755 -0.075931 -0.300583 0.950614
18.133333 -5.077948 -10.811433 0.307261 0.016947 -0.073859 -0.295637 0.952290
18.166667 -4.998047 -10.639849 0.401728 0.019103 -0.071676 -0.290691 0.953937
18.200000 -4.919486 -10.466994 0.490652 0.021213 -0.069416 -0.285743 0.955553
18.233333 -4.842761 -10.292404 0.573288 0.023285 -0.067035 -0.280802 0.957139
18.266667 -4.766783 -10.117299 0.648395 0.025324 -0.064482 -0.275866 0.958696
18.300000 -4.692861 -9.941756 0.715508 0.027321 -0.061881 -0.270916 0.960223
18.333333 -4.619517 -9.764116 0.773635 0.029222 -0.059205 -0.265978 0.961715
18.366667 -4.547245 -9.585233 0.822215 0.031052 -0.056438 -0.261044 0.963175
18.400000 -4.476516 -9.405413 0.860796 0.032833 -0.053590 -0.256107 0.964603
18.433333 -4.407523 -9.224650 0.889017 0.034554 -0.050668 -0.251166 0.965999
18.466667 -4.339979 -9.042836 0.906570 0.036203 -0.047703 -0.246222 0.967362
18.500000 -4.273697 -8.859555 0.913118 0.037782 -0.044635 -0.241283 0.968691
18.533333 -4.209040 -8.675708 0.908777 0.039292 -0.041504 -0.236338 0.969989
18.566667 -4.145736 -8.490522 0.893492 0.040727 -0.038314 -0.231393 0.971252
18.600000 -4.083854 -8.304452 0.867503 0.042076 -0.035068 -0.226446 0.972483
18.633333 -4.023931 -8.117815 0.831206 0.043436 -0.031829 -0.221475 0.973678
18.666667 -3.964720 -7.929869 0.784814 0.044549 -0.028463 -0.216533 0.974843
18.700000 -3.907283 -7.740863 0.728909 0.045656 -0.025084 -0.211575 0.975973
18.733333 -3.851337 -7.551077 0.664141 0.046682 -0.021662 -0.206612 0.977069
18.766667 -3.796930 -7.360486 0.591255 0.047621 -0.018211 -0.201643 0.978131
18.800000 -3.744060 -7.169049 0.511048 0.048474 -0.014732 -0.196668 0.979160
18.833333 -3.692676 -6.976769 0.424405 0.049235 -0.011230 -0.191688 0.980156
18.866667 -3.642830 -6.783686 0.332271 0.049908 -0.007705 -0.186701 0.981118
18.900000 -3.594508 -6.589806 0.235690 0.050490 -0.004164 -0.181708 0.982047
18.933333 -3.547721 -6.395167 0.135723 0.050980 -0.000614 -0.176708 0.982942
18.966667 -3.502477 -6.199786 0.033477 0.051378 0.002942 -0.171700 0.983804
19.000000 -3.458783 -6.003688 -0.069914 0.051683 0.006499 -0.166684 0.984633
19.033333 -3.416633 -5.806888 -0.173304 0.051894 0.010052 -0.161660 0.985430
19.066667 -3.376044 -5.609406 -0.275549 0.052013 0.013595 -0.156627 0.986194
19.100000 -3.336436 -5.411605 -0.375387 0.052023 0.017073 -0.151580 0.986927
19.133333 -3.299444 -5.212521 -0.472035 0.051963 0.020618 -0.146532 0.987625
19.166667 -3.263606 -5.012887 -0.564239 0.051802 0.024124 -0.141472 0.988292
19.200000 -3.229295 -4.812959 -0.650907 0.051547 0.027579 -0.136399 0.988927
19.233333 -3.196544 -4.612429 -0.731124 0.051203 0.031002 -0.131316 0.989532
19.266667 -3.165432 -4.411418 -0.804043 0.050769 0.034392 -0.126221 0.990105
19.300000 -3.135826 -4.209809 -0.868841 0.050242 0.037737 -0.121116 0.990648
19.333333 -3.107642 -4.007753 -0.924692 0.049627 0.040922 -0.115995 0.991165
19.366667 -3.082594 -3.805537 -0.970315 0.048898 0.044298 -0.110878 0.991641
19.400000 -3.057604 -3.603125 -1.006593 0.048125 0.047483 -0.105730 0.992094
19.433333 -3.034298 -3.399904 -1.033136 0.047277 0.050612 -0.100569 0.992517
19.466667 -3.012162 -3.195829 -1.048340 0.046312 0.053645 -0.095405 0.992912
19.500000 -2.991929 -2.991681 -1.052613 0.045273 0.056616 -0.090227 0.993279
19.533333 -2.972996 -2.786989 -1.045872 0.044148 0.059489 -0.085036 0.993620
19.566667 -2.956608 -2.581424 -1.028319 0.042961 0.062334 -0.079835 0.993929
19.600000 -2.941267 -2.376179 -1.000093 0.041696 0.065081 -0.074619 0.994212
19.633333 -2.927898 -2.171198 -0.961507 0.040324 0.067777 -0.069399 0.994467
19.666667 -2.916262 -1.965145 -0.912850 0.038928 0.070378 -0.064161 0.994693
19.700000 -2.906100 -1.759086 -0.854701 0.037449 0.072879 -0.058914 0.994895
19.733333 -2.897962 -1.552020 -0.787702 0.035891 0.075304 -0.053661 0.995069
19.766667 -2.891065 -1.345431 -0.712813 0.034305 0.077601 -0.048387 0.995219
19.800000 -2.887285 -1.139782 -0.631341 0.032644 0.079843 -0.043103 0.995340
19.833333 -2.883060 -0.932477 -0.542441 0.030896 0.081923 -0.037815 0.995442
19.866667 -2.880854 -0.724726 -0.448306 0.029131 0.083912 -0.032515 0.995516
19.900000 -2.880592 -0.517688 -0.349682 0.027294 0.085810 -0.027205 0.995566
19.933333 -2.882079 -0.310908 -0.247738 0.025365 0.087614 -0.021888 0.995591
19.966667 -2.885085 -0.103434 -0.143214 0.023492 0.089253 -0.016559 0.995594
