49.2644
47.4459
45.3835
10.0153
45.3989
52.7146
46.1701
47.7966
47.1857
54.4028
47.4741
48.31
49.8565
62.3253
49.4479
49.4744
46.8489
46.134
45.0613
44.8906
45.797
36.2736
49.9585
50.3019
50.6787
14.0219
50.6901
48.571
48.5802
53.2354
48.6523
17.7921
47.3161
50.6721
51.2168
61.1031
14.0337
50.5012
49.3184
50.2526
52.1108
51.4018
53.1911
50.5949
48.9618
13.5806
49.1761
51.8524
50.6339
50.0529
13.734
49.0164
48.8641
50.1346
50.1248
51.6477
51.2449
53.7096
52.5411
55.0814
56.8105
53.2052
53.2179
53.716
57.6694
54.9147
51.2274
50.8594
23.551
49.2647
19.9756
45.9965
51.7106
53.5503
52.4358
51.7029
56.9892
54.8318
55.9473
56.3859
59.7552
26.0158
80.7083
62.1905
57.4894
16.5264
57.1012
56.7998
67.4114
61.6114
61.8345
61.5752
57.8709
58.52
58.1391
58.5018
58.3991
58.3151
60.101
57.1538
56.6623
58.1771
57.1093
62.0602
62.0894
56.6797
59.0125
58.3062
56.9403
66.876
62.2089
64.5129
63.3293
36.8033
57.1315
31.1711
56.4355
31.4721
55.7685
56.8533
60.0712
60.1297
35.5978
57.6501
57.148
47.054
58.2411
57.5138
64.7062
58.7821
61.9747
85.7654
63.8071
67.903
51.3722
56.3844
275.249
58.5445
85.0768
60.6031
65.4335
47.3604
62.0404
81.4923
55.8927
55.9597
55.9928
55.7803
63.9319
56.3744
51.5202
57.2362
79.1948
46.9514
157.532
79.8557
80.7408
62.641
36.925
124.273
139.95
68.037
67.7921
57.5306
53.154
23.2875
313.381
57.1043
39.1916
31.0281
25.9032
35.3546
29.6816
30.4862
60.7678
58.3047
44.8779
686.405
31.5022
10.3279
64.8976
66.422
60.1504
12.0143
29.1081
97.6428
103.824
48.7239
73.9778
71.636
79.2738
162.192
94.8766
89.5935
70.7511
297.113
22.867
172.078
11.6692
61.4063
169.015
174.619
133.179
127.178
60.1479
63.5782
293.177
171.468
180.641
169.677
98.5217
77.381
63.8449
302.175
282.732
178.889
48.3755
189.197
173.236
80.2862
101.815
65.0603
65.2761
63.6012
62.9819
66.8598
63.7272
63.6483
64.4924
65.1049
73.8942
93.5712
65.1175
71.7563
64.0378
64.4937
81.4456
94.3658
70.9284
90.7435
97.9881
99.7131
90.89
87.0217
173.597
254.158
92.3107
146.98
81.3617
11.7949
65.5971
18.0872
88.581
207.413
106.886
65.0211
17.5539
62.5745
11.9894
62.7077
63.9925
404.118
110.363
79.5575
77.4502
19.4919
67.7411
67.2122
60.1846
66.0896
38.6755
63.7872
28.7753
11.7276
16.7203
58.1089
66.8669
61.3178
59.2085
55.6843
54.1377
62.0781
58.7151
56.7421
10.765
59.3561
68.4933
54.6408
55.7192
57.3611
57.4881
58.0393
57.7882
56.9538
71.532
57.5728
64.0804
63.865
58.0287
528.272
102.997
73.8728
76.3162
57.9596
65.9408
53.275
60.4306
73.1318
60.4081
59.1604
61.5252
64.8375
65.717
272.166
63.2254
60.3132
60.3326
60.249
79.9428
70.1894
60.0246
87.444
260.691
67.9151
68.844
63.8498
57.6766
57.0212
56.5233
56.3667
55.4328
54.3076
58.0166
55.7298
57.8412
57.0509
56.3617
56.4193
56.8709
59.148
58.2805
58.3056
57.672
57.9617
56.9936
21.1824
59.1203
59.17
59.756
59.2304
59.0602
58.238
58.1241
59.5683
59.2106
60.3821
60.2811
58.2227
58.8978
58.3728
56.6827
56.5049
55.9521
56.201
56.2379
55.4399
54.9471
54.3194
54.4521
58.4732
55.853
55.0788
55.1938
56.7395
55.3417
20.1338
25.3198
50.9964
50.2549
54.1154
57.384
51.6738
51.4791
52.5675
52.1068
53.9887
10.9585
55.9608
57.3971
58.0116
58.1221
59.31
58.5183
58.8197
17.045
59.9504
59.532
60.6479
59.6078
59.6578
60.0533
59.104
57.4108
58.2716
11.0133
57.5572
58.034
59.1075
59.5993
65.7162
61.0637
60.4883
60.9206
60.9007
60.6013
60.3393
60.3205
61.8443
60.4532
59.6394
59.2182
58.022
57.7159
57.9568
57.5825
56.7604
53.9859
53.8657
52.7252
51.3447
49.7283
13.9335
49.317
47.3288
47.4792
46.2703
46.0247
45.8475
44.9862
43.8182
45.043
43.8789
27.4358
43.3781
44.0808
44.3846
44.9806
46.6487
47.8217
49.3205
50.3222
52.029
52.9705
53.8224
80.3448
59.8868
58.5395
57.9838
57.98
58.6427
62.9926
65.6691
15.2618
66.0911
62.035
61.0362
63.4043
62.4998
62.5701
63.759
64.1686
64.5166
64.4586
64.1207
63.7591
63.6611
63.0747
63.6928
63.4952
63.2161
75.3055
51.9132
68.1458
62.7095
61.5835
62.3362
66.4223
65.0597
66.317
59.3535
16.763
27.3334
58.4482
57.3532
57.5022
56.709
56.2758
54.5162
53.5346
52.1753
52.0178
48.289
52.6209
52.8642
52.9744
52.5306
14.8334
5.29569
51.5317
52.5899
51.6814
51.4558
49.5716
46.8004
45.5543
55.7149
12.7237
43.5237
43.1974
42.7371
43.046
12.5909
44.6414
46.2647
45.5411
47.5554
46.9375
49.4268
47.2122
53.2662
53.7968
54.3476
53.636
53.1116
53.6247
53.9026
52.2092
19.3189
49.5513
48.7583
47.614
22.0387
47.2946
47.0815
29.8658
46.6291
45.6952
47.2181
47.3849
48.1158
22.033
42.6743
37.3947
45.5085
9.13758
47.3287
46.8347
46.2946
33.4197
45.1282
44.856
44.0699
43.1425
44.2103
44.894
44.5638
44.5336
44.4341
43.8827
43.6073
43.1087
43.1333
43.3545
42.5571
41.139
39.4515
36.4644
12.9299
34.9523
35.5218
37.5381
37.4266
14.8348
38.3231
39.293
37.8765
11.4317
39.2251
40.3336
39.7604
41.7361
43.1565
42.0861
15.2643
41.3543
40.7969
41.216
36.4696
37.9052
34.6274
36.5722
36.8315
32.4147
35.415
35.3032
34.6935
34.0722
33.8844
24.4253
30.0071
33.2757
32.8842
33.0657
33.5053
32.9667
33.7327
33.5114
9.46482
3.72552
32.6362
32.0312
31.5438
33.3561
35.7765
35.3083
37.694
37.0267
38.3702
3.8206
39.0391
38.5791
39.8327
41.5001
33.8868
41.4
41.5928
42.4957
41.7084
43.262
42.3987
42.0754
42.6679
42.1883
44.7773
44.6205
44.8904
44.3455
44.1251
43.7125
43.791
43.7787
44.1325
43.7428
44.54
44.9037
43.681
43.1301
39.0317
42.4237
43.5506
41.1522
42.97
42.9528
44.2562
43.7401
45.6214
45.6903
45.4386
44.561
45.2244
44.5485
60.8074
45.79
48.7749
35.7739
50.7875
41.7897
58.0012
52.4282
52.4888
51.7927
24.1166
51.5788
55.2082
53.7018
55.6792
56.0866
57.1844
57.0656
58.172
58.0971
58.4521
57.2277
58.5835
57.7057
11.2999
58.5621
56.8845
57.4939
58.4226
57.8153
58.3579
58.8525
57.9491
37.1792
63.7268
47.6645
53.6875
11.8964
58.4017
6.08733
65.0757
49.0097
59.4228
59.0309
58.897
59.5418
54.0898
72.5662
60.989
61.4371
61.2285
55.6518
64.4448
51.5698
67.8269
62.7066
62.6047
61.7452
62.127
62.6309
63.5793
62.8313
62.8768
62.5024
63.3405
61.7918
62.4953
63.985
61.8067
23.0458
61.9627
67.8335
62.9145
67.2872
66.019
58.428
57.5482
62.3378
55.4877
54.4438
54.2774
52.374
51.3268
52.1507
51.4226
51.3086
53.4825
53.033
54.6051
53.5168
54.9255
53.378
53.7829
53.7825
52.5357
51.0637
50.1791
50.7501
50.582
50.4519
49.3943
48.0232
47.7101
46.3193
45.906
45.8991
45.3259
44.6539
45.4612
45.5776
45.6764
13.7884
48.4784
22.8117
50.2869
50.144
49.4455
48.6494
47.9122
47.4576
47.201
46.1428
46.1596
45.935
12.9609
46.1828
47.1046
46.1544
25.3039
44.941
46.2799
46.176
48.1426
26.4138
47.0522
47.7459
26.8182
51.3412
53.3962
55.9525
55.8202
55.34
15.7884
55.6788
31.511
55.941
57.0608
56.7605
58.1799
57.8395
57.2245
55.979
57.4495
57.945
59.4966
58.0312
58.8551
59.6308
59.2691
59.9087
58.6511
59.3691
58.2998
59.7643
58.1789
58.8329
57.9917
57.1593
56.7794
16.376
56.0721
54.7714
53.6751
53.0649
52.7145
51.981
53.1835
52.1222
53.1425
53.6988
52.7373
53.8709
55.724
56.773
54.9467
54.9285
52.7229
51.3199
51.8117
50.8465
50.1762
51.3398
51.2458
53.2212
53.0699
53.564
52.9115
53.0229
51.7128
52.9799
38.5355
53.8296
53.0801
53.1102
53.5262
40.7065
35.885
56.0065
54.5333
54.2974
39.5952
54.4018
124.992
47.2907
54.8267
55.1114
54.4013
55.868
54.9263
40.521
55.2873
56.4637
55.6601
63.0863
59.7405
58.5085
57.3581
5.65251
58.701
58.1755
59.8334
59.7897
59.4658
60.1768
59.3673
68.0059
39.7139
60.5312
60.4341
59.8375
66.7449
60.0194
60.3527
58.7837
56.7071
56.1988
55.1957
55.5318
56.058
55.6829
54.6114
53.2006
51.407
51.0334
51.4669
49.7403
48.1544
45.7287
45.4873
43.8301
43.6868
46.525
13.3282
47.8983
48.7516
49.8646
50.6556
19.5659
53.8902
54.2083
20.0883
52.7628
10.2599
54.9451
55.9249
20.7424
56.7231
56.9027
57.0951
58.4812
60.016
59.7253
68.1759
60.7754
60.8169
60.192
61.4503
60.8438
60.2561
62.1721
62.0579
61.8803
60.6184
59.3132
27.8509
58.2868
21.2977
57.7796
57.1141
58.5425
59.3143
66.3151
67.7432
64.8945
18.1265
6.49635
68.7494
62.4044
67.4801
62.7835
62.5902
62.5714
62.9691
63.5159
64.2519
64.4811
18.1104
64.3322
66.6209
63.8829
63.2663
63.7746
63.6191
63.3632
63.1393
63.8938
64.1546
63.8496
65.2165
63.5303
63.4291
82.4783
63.1097
62.9334
64.5746
64.8197
64.4555
35.5698
52.7866
29.0067
30.2544
35.4243
62.7739
69.5308
63.6095
63.6405
63.3913
61.8586
68.3242
67.9528
62.8315
62.941
63.9649
69.0208
62.2936
69.6879
67.8125
66.4237
67.1688
38.9522
60.7739
67.5801
34.2168
61.2095
6.13011
60.5047
61.6624
60.6663
60.5079
16.6591
65.653
11.421
5.9435
60.4601
60.4082
60.2061
59.9925
59.4428
60.7865
60.7759
60.1463
60.5566
59.6866
58.1926
36.8169
30.9271
26.0261
25.466
55.3734
54.1197
53.6432
53.3487
55.8995
55.4832
55.697
55.1317
56.6123
56.0542
56.3823
55.9463
54.8051
55.7168
56.4407
56.191
52.552
47.8844
43.5724
11.3197
33.5952
21.0962
29.9688
28.0602
27.454
27.5805
27.0756
26.992
26.782
27.1254
