105.109
72.8581
63.3588
43.6848
53.7386
68.3258
67.8173
69.6471
67.9245
68.7374
67.7985
67.8637
71.3645
68.5908
70.4479
70.9356
67.945
57.8806
43.2872
38.3765
70.3741
49.4935
73.5025
73.0854
59.8927
46.3631
46.0401
24.336
67.3884
48.453
74.0069
36.2413
67.6443
47.7786
85.3068
78.6599
65.283
73.4653
70.8825
70.2759
72.425
74.5987
73.4301
74.4258
69.2231
69.471
69.249
75.0626
70.9829
57.7026
69.4337
56.0485
70.7619
73.0483
70.0445
70.7672
76.1656
54.3966
67.3318
50.648
33.675
54.1516
74.6324
76.14
73.263
72.5003
72.0248
70.5799
68.865
69.809
67.7524
66.3657
56.4723
66.2827
44.5962
71.1714
69.8036
70.2293
70.7987
73.2664
74.9522
77.3742
78.9955
78.5075
78.5891
80.2236
79.4585
80.417
79.3627
80.0282
79.1036
79.4285
79.6518
80.3889
82.6242
79.3728
79.739
82.1893
80.0982
80.2573
79.9826
80.5544
79.9085
81.0082
79.5469
80.7103
81.4312
72.2568
72.3259
72.7609
73.5217
42.643
50.2279
64.7863
53.4873
57.2965
57.0888
42.6938
49.9378
72.9038
64.241
43.4484
43.7249
56.2884
42.8205
64.1684
49.6827
63.7494
42.1779
64.4321
35.5698
63.0443
64.2359
64.0558
71.3166
71.9237
63.8586
65.1416
64.7385
42.5384
42.2825
64.9222
49.4755
49.4685
63.9135
64.4708
71.252
56.956
42.5532
42.6552
71.4369
79.0894
42.8176
42.6995
72.3465
49.4173
64.7431
42.451
42.1962
49.6391
51.2707
79.2914
78.668
108.594
79.1896
75.2795
75.0337
72.0507
81.5337
70.784
70.206
83.1629
67.7703
67.3437
77.8454
82.147
75.743
72.932
70.1088
73.2136
77.3709
27.5103
81.4972
84.7207
61.6011
83.1545
85.6454
47.5841
87.0946
71.0968
86.6267
86.9102
61.4739
84.0321
84.4212
84.0736
82.6638
84.0854
82.159
82.6125
74.6273
83.1089
81.6564
53.9372
81.6658
81.9373
87.286
376.97
239.161
291.832
224.243
131.909
103.661
84.7725
83.1086
84.0397
84.1255
85.2849
85.0279
83.9634
94.4818
87.5517
87.2702
85.8022
87.6977
87.5179
87.2599
86.66
86.5869
85.9777
87.5527
88.07
89.7784
93.8517
91.2518
86.9332
87.2948
89.0913
86.1971
88.3679
86.0693
69.6252
87.7282
88.1327
81.9675
89.5031
88.7955
88.0019
87.8201
51.022
86.973
52.1891
85.7658
80.8566
85.7054
87.0788
64.0661
87.1344
58.5182
87.1846
81.8217
91.5108
103.696
86.0149
84.9428
83.9299
76.0784
85.2065
84.4845
84.7718
69.9836
112.814
57.4678
83.7215
56.6413
105.857
66.4134
81.2975
77.7223
77.1332
78.2224
78.5383
81.8997
82.2757
82.2805
66.8305
80.4204
79.9128
81.4696
92.1888
84.8448
80.4017
81.0898
80.5609
79.6364
80.082
49.1042
64.4862
84.5864
63.8833
82.138
69.8253
80.1732
79.1053
56.9004
56.4564
79.198
81.2698
82.3242
28.9375
85.9058
85.2228
84.0514
83.6331
68.0358
83.7126
82.2029
82.8437
82.9244
81.86
82.0679
81.1443
72.2522
81.5672
81.5543
82.2054
82.3334
82.4623
82.3483
82.0307
78.3376
78.3632
80.3348
80.174
81.5608
68.8999
82.2838
81.7075
83.6469
86.8918
85.5657
83.2003
84.1163
70.5029
83.6858
83.664
84.3395
84.1644
84.4576
82.599
82.2657
83.2658
80.4115
83.9979
60.4604
85.0676
84.0654
82.5956
81.1986
79.8825
78.7734
80.344
80.4265
83.8849
81.9012
80.8019
80.1227
78.347
77.606
81.7274
80.5099
49.5549
80.1176
82.0468
80.9848
63.7025
58.0801
74.2197
77.1301
85.7819
78.9526
76.7119
75.8374
77.0085
75.7106
77.7273
69.1575
80.096
82.7214
84.1455
82.6704
82.6581
83.3952
83.5938
83.9642
82.9403
83.0926
55.7816
81.8489
81.9251
79.718
81.4692
79.4097
80.5568
77.1905
80.2189
82.9847
84.0795
56.4255
84.0044
84.617
75.9385
95.5883
84.1615
82.9323
83.6725
83.0616
85.3654
83.3352
83.6582
82.3393
82.1903
80.9883
81.8634
85.3644
81.8966
80.0049
79.6757
78.1135
73.733
74.8797
62.5113
72.3016
70.6011
69.7678
68.6031
62.8011
70.1631
66.5902
65.0184
69.6843
68.7324
66.0921
67.5309
70.0983
77.4771
71.4601
70.7564
59.9448
72.3416
74.4529
75.8213
77.5315
79.7392
80.9367
84.13
82.3914
83.786
82.4182
83.0296
84.5711
82.7182
57.3427
85.2354
86.9208
86.3525
89.728
88.3034
80.2996
91.1807
90.4739
90.6018
82.6193
80.8748
80.0916
104.751
112.717
89.9186
89.0826
88.1064
87.5707
60.7634
59.283
85.4014
87.1572
87.9263
85.9436
84.5799
84.8414
84.9967
56.3481
82.5638
79.3195
71.2413
53.4676
87.5072
92.9657
80.367
77.9601
75.8446
75.7976
77.0054
63.1632
86.6815
79.0376
75.2245
59.7678
73.2714
75.6806
76.8283
90.1934
75.5878
72.4615
71.1326
69.1152
67.4804
59.52
66.3467
65.1304
64.4374
65.4007
53.0491
65.7022
67.7688
50.8932
50.5057
56.5886
52.8295
48.0383
77.4566
63.504
77.5852
77.1595
67.96
76.8247
62.9165
69.0941
57.1919
72.6057
57.4324
57.138
47.4606
50.3204
68.5218
50.0941
68.7312
65.7497
61.3444
69.1742
68.1689
67.0091
36.6703
59.9751
60.2488
66.1893
68.0911
55.5268
51.8643
65.4671
42.1635
65.5586
63.8287
63.172
58.9609
54.151
64.7977
63.5278
63.5454
76.0074
46.5299
60.6138
67.3251
63.8526
58.887
60.9057
44.5334
55.7569
49.4667
52.3529
54.7525
56.2054
57.5569
57.4769
57.0737
59.4714
59.0571
59.3123
58.9922
21.7806
59.0648
60.5468
62.6607
62.5248
61.075
28.0288
27.9534
56.1512
50.0273
58.3648
42.7831
55.1772
54.4066
54.8313
53.9219
53.6932
51.2246
50.8304
51.1699
50.1658
49.7376
50.6986
50.9659
50.2434
51.7356
51.2687
41.2826
48.7001
50.4193
35.9137
40.2361
49.4104
49.0388
49.1905
51.3397
51.4273
53.883
53.8821
55.1667
33.572
55.9155
28.5329
56.916
59.52
58.6689
59.8816
58.4747
60.4488
61.1891
61.7891
61.5376
61.1532
61.9599
62.0662
65.5947
65.0389
66.5974
65.7404
65.8311
66.0116
48.3701
64.5081
66.1311
64.9579
66.6479
53.2727
66.5101
65.1957
66.2834
65.4109
73.5805
72.8447
66.3469
66.439
68.703
85.0082
72.425
72.6834
70.5559
69.6317
70.1071
68.8017
77.958
68.4211
61.2825
42.2885
74.6431
46.0542
78.0598
77.0314
76.9843
77.3306
76.153
84.2802
81.7669
83.7013
83.2375
83.4255
84.346
82.3252
84.2601
85.4668
83.3374
82.4814
83.7081
89.7773
81.6516
84.5756
79.6712
80.0259
86.1225
80.8538
81.0089
81.9954
81.8775
50.0291
81.117
81.606
81.8005
70.1562
49.3725
59.3461
57.0218
65.6514
79.9515
83.0679
51.0273
84.44
80.8999
52.5008
53.8768
76.9454
76.8941
84.9804
52.7605
68.5768
76.5012
78.7953
86.4123
86.4045
85.7038
86.4231
88.5536
86.256
86.3063
86.1703
86.3083
86.2889
86.4187
86.2697
85.6575
76.2278
86.1236
88.8881
87.117
85.6497
84.3224
80.4047
80.5993
80.5862
78.9474
78.3618
79.16
76.6878
73.7192
75.0923
75.1748
73.8148
76.3955
77.9913
78.008
78.1953
78.5335
77.4925
77.3072
77.8959
76.4786
75.8638
73.7403
75.2128
74.7549
74.4489
73.2302
72.3787
70.3907
67.9681
67.8318
67.1048
67.8319
68.0247
68.9237
69.5468
68.9995
52.5088
70.5319
72.4283
73.4454
72.1945
71.2492
71.4593
69.482
69.0434
70.1301
59.2736
70.2128
69.2696
56.9693
69.1322
71.8633
69.9267
68.7577
82.067
67.6312
69.1026
72.2994
58.1538
70.288
77.7778
289.574
86.5913
86.8595
95.8052
73.0891
65.04
64.0337
79.1835
60.6245
80.0555
81.8621
81.6015
83.0972
84.5248
83.6558
80.8772
82.6589
85.0343
84.0862
84.3694
82.4711
84.4696
87.0076
83.7956
82.7551
78.6415
82.7751
83.7655
83.2454
83.182
83.3715
82.5182
82.3954
84.0275
81.9197
80.5539
78.9834
76.8312
77.5635
76.8325
77.213
78.1599
78.8525
78.7121
77.5944
78.0165
81.529
80.8661
80.129
79.3317
77.5268
76.1917
76.831
76.0958
74.3359
77.4749
76.6258
81.7829
80.3371
80.5998
80.0498
1430.4
77.0654
77.3727
35.072
77.3322
83.0994
75.8317
76.2881
50.663
72.4304
71.7414
50.3004
70.9679
42.6982
78.2411
83.022
81.4874
44.6848
80.9307
73.3164
84.3236
82.9746
137.502
74.8127
90.6983
81.2266
83.1746
84.9275
83.5532
81.9151
71.8169
67.0498
43.6528
87.7158
87.419
87.1662
86.6008
62.9575
55.3821
112.439
87.8404
86.9092
42.2716
87.5723
62.0763
84.5675
84.5623
81.8914
77.9633
79.507
79.4531
49.8209
60.2953
77.6974
75.7986
73.4318
73.0369
73.6719
73.6663
70.6344
68.2377
69.4588
68.0146
66.7881
71.8434
79.1973
71.1135
72.3567
72.648
72.217
76.3526
81.2664
78.5546
53.2172
76.5835
62.5416
91.6998
56.1746
82.7187
80.6278
81.4857
82.8353
79.0626
61.1562
67.9629
87.1771
63.0405
83.5646
77.1712
86.6347
86.1167
84.7848
86.4453
108.679
84.558
84.7967
28.2769
83.324
80.2898
81.7175
82.0776
82.3586
29.1518
83.7984
83.5684
84.4077
84.4224
84.8746
85.3026
86.9295
86.4119
85.7124
86.4449
85.5505
85.2551
87.1904
86.6257
88.5318
87.0107
138.583
58.202
88.4922
88.0776
37.6047
87.0095
87.089
87.6685
86.8708
90.0897
88.4597
88.2062
90.2135
65.0285
86.8494
88.174
80.9172
101.195
90.8508
70.7853
87.6833
37.2915
80.7872
45.3355
47.7898
53.7924
71.5118
88.8783
88.5731
88.0103
86.454
87.1828
86.648
86.7668
85.7253
92.0941
88.6775
87.3798
86.5947
59.9309
88.2944
86.9337
86.1557
69.9841
86.7366
88.2562
63.144
77.6677
59.625
92.1814
87.6374
78.9961
93.0959
87.8185
44.4491
54.4937
88.5942
83.2073
88.2643
48.2761
86.9856
71.1964
85.4393
80.9265
89.895
88.8602
88.2201
80.6643
60.6967
45.8104
67.2461
66.6454
52.1162
80.8752
37.6069
37.6119
84.6773
82.7356
76.3866
82.8545
73.2226
74.1995
84.8473
54.7829
80.8422
62.4678
78.608
77.3165
75.6616
70.3873
65.7458
58.8613
52.7706
52.6617
48.4924
48.448
47.6267
47.6077
47.2512
47.1362
46.9189
46.4519
