103.112
80.8213
63.9937
43.5281
52.9235
68.0358
67.3704
68.9468
67.812
66.9068
68.4588
67.5815
68.0699
67.0781
69.2682
70.7323
67.7855
52.3579
42.2388
36.791
65.9696
38.8718
72.2167
72.4754
58.6143
46.0312
45.2563
23.9257
66.9186
48.2187
72.9322
35.4729
66.249
48.3023
83.7841
76.349
64.3642
71.1966
68.9122
68.9187
71.2041
71.5519
71.9037
69.8559
68.0242
66.9756
67.2794
73.0652
70.2241
56.4049
68.7745
54.937
68.897
70.6648
68.722
70.35
71.5837
53.889
66.2742
49.3156
32.625
53.4375
73.3871
74.2051
72.0351
71.0921
70.6683
69.8255
68.2594
68.0265
67.1933
65.0555
55.2805
65.8587
43.7688
69.462
69.6497
69.595
70.8039
72.6358
74.2195
78.0341
78.9396
79.5657
78.5039
79.0737
78.2988
78.3248
78.6456
82.6187
79.0486
78.4693
80.3558
79.2869
78.7241
78.6213
78.9419
78.5872
78.5287
79.0714
78.6266
79.4761
81.4195
79.9901
79.3566
78.3686
78.427
71.9989
71.4199
72.1309
71.4524
42.7948
49.7339
63.9331
53.585
57.5717
57.0997
43.0966
49.1482
71.5798
63.4382
42.5287
42.6306
55.8665
42.4278
59.9891
49.162
64.3997
42.6223
63.7031
35.7744
62.5987
63.7815
63.8693
70.1499
70.7432
63.4866
64.3081
63.4267
41.861
42.0805
64.0228
48.7278
48.8026
62.9225
64.0578
70.6208
57.9307
44.047
42.4192
70.6186
78.0338
43.8441
41.7384
71.0928
49.4089
62.9902
42.7885
42.0376
49.4414
49.6768
77.769
76.9289
81.2219
78.0308
73.8413
70.6631
70.4674
69.8534
69.0496
68.778
68.1672
66.7394
65.9592
77.4557
76.5023
75.226
71.5638
68.2008
71.919
75.7894
27.5056
147.215
84.1523
61.4136
81.9851
84.4373
46.8639
85.496
69.8016
85.5021
85.8788
61.9133
82.8778
84.0422
84.0123
81.8693
82.7891
81.026
81.0438
73.8525
82.8302
81.1411
52.8773
81.6475
80.4753
79.3327
80.8075
81.0202
80.3441
67.4765
64.3758
82.0928
82.255
80.1498
82.4692
82.6455
83.2085
82.6969
83.11
82.9985
85.8426
86.0412
84.0656
87.6806
85.4987
85.2744
84.5373
85.4768
86.2067
85.9245
85.5053
85.6334
85.8922
86.1834
85.6643
85.7937
84.8288
84.8736
85.6655
84.9802
68.363
84.7361
86.734
64.7781
85.9851
85.9092
86.4603
85.4115
50.1579
85.0251
51.6954
85.2522
80.0158
84.2703
85.0589
63.8439
85.3496
57.116
84.9918
79.324
89.0655
99.7352
83.6724
83.5366
82.0205
73.8766
83.726
81.8917
83.2329
69.3997
111.364
56.1875
82.0194
55.5275
104.203
64.8177
78.9359
75.9109
74.805
76.7735
78.5297
80.1018
80.0635
79.4107
66.1873
79.3709
78.1116
78.7913
78.9325
82.9256
78.853
79.3289
78.9291
78.6673
78.8956
47.6596
63.5202
79.3967
62.4183
78.6501
68.595
78.6092
77.5103
55.7466
55.4732
77.9777
79.2942
81.2325
30.4322
83.2323
83.0698
82.404
82.3968
66.9121
82.4137
80.0319
81.9929
80.318
80.4122
79.8024
79.2717
70.9699
81.1736
79.3564
81.1373
81.0707
80.7227
80.8607
80.5782
77.76
76.8614
79.531
79.0454
80.6583
68.4845
85.9638
80.3775
82.5075
85.1981
84.3958
82.1491
83.4592
68.8143
82.0128
82.3853
82.0724
83.0485
83.2316
81.8207
80.961
81.1591
79.3245
83.0242
60.2888
83.9035
82.9731
80.8092
79.9311
90.5726
77.8179
78.3303
78.1143
80.3489
79.7445
79.2649
78.3899
76.7006
75.9539
79.6593
79.0716
48.5715
78.3937
80.3836
78.8964
62.4742
58.2672
73.1822
73.3523
83.7852
76.9075
75.3187
73.9921
75.834
74.9122
76.7863
68.4729
79.3041
81.51
82.4137
82.3181
81.1339
80.0361
81.6674
83.091
81.6217
82.0604
54.7527
80.867
80.8546
79.106
81.0033
78.678
78.6085
74.0222
78.9299
81.1086
81.0302
55.4872
81.7574
81.7078
75.2234
93.9113
81.5981
81.1473
81.6632
81.4478
83.1361
82.4102
82.2536
81.0943
80.6092
79.4975
79.434
83.2736
80.8797
76.3714
77.9357
76.7851
73.1049
71.358
58.0862
70.0974
69.0656
68.1183
67.5445
61.5013
67.3468
65.1542
63.7428
68.6101
66.4383
65.2407
66.0589
67.6522
65.1062
67.4782
69.509
59.8191
71.362
72.6242
73.9442
76.8453
77.689
79.7083
81.6617
80.7745
81.4442
81.056
82.3892
83.4675
81.7218
57.0374
83.6388
84.7353
84.6356
86.8294
86.9254
79.2362
89.6895
90.0535
88.5503
79.7649
79.0304
79.3799
96.491
112.207
88.576
87.7907
86.0068
85.9999
58.861
58.4949
84.5311
84.9072
84.3833
82.096
82.1311
82.5366
84.7027
56.0273
81.3847
78.0636
69.5848
51.3477
85.7155
91.5046
77.5648
76.7933
74.6872
74.5768
75.1827
61.2558
74.9073
73.8844
73.0702
58.6043
72.9964
73.9647
75.4258
74.7389
73.6026
71.6019
70.3544
67.9979
66.2651
58.1387
64.7368
64.7703
63.9308
63.5709
52.2404
64.9338
66.9547
49.4001
50.2645
56.8022
52.5099
47.6647
76.0222
62.7586
76.3921
75.825
67.3496
75.2183
62.9624
68.3173
54.5325
71.1654
56.1411
56.9749
47.2905
50.4591
68.0304
50.0256
67.099
65.0793
60.4604
67.968
67.4122
67.6669
35.7691
59.146
59.859
65.7324
67.6263
55.0518
49.4684
52.6387
40.6893
64.2052
62.6863
62.1459
59.3235
51.6699
62.5921
61.8786
62.1043
75.5079
46.3099
59.9632
67.3454
62.7382
57.606
59.3719
43.8313
55.271
48.2027
51.3795
53.8199
56.2638
56.2005
56.7419
57.7691
58.8983
57.4017
59.2311
57.2275
21.114
57.4081
58.6003
62.004
60.9228
59.9831
27.9181
27.9203
55.3838
49.1458
55.961
42.0739
53.8444
53.1577
53.3496
53.1591
52.7842
50.4183
50.4417
50.5795
49.6781
49.1053
49.933
49.8226
50.5
50.4363
50.9778
40.6655
48.2623
48.5489
34.6758
39.0509
48.0242
47.8391
48.9192
50.2873
50.5417
53.084
53.288
53.8646
33.0363
55.2107
27.9415
56.2357
58.0069
57.7528
57.9645
57.7071
59.6076
58.3236
60.734
61.3175
60.2485
60.6338
60.2796
64.9308
63.8924
65.0132
64.5654
64.5818
64.6888
47.6263
63.5224
64.8493
63.9552
65.9482
52.6601
64.9171
63.9515
64.8176
64.2801
73.6634
72.8402
65.3478
64.8257
68.0414
84.1446
70.8613
70.7781
70.4087
69.9188
68.531
68.4594
77.2391
68.3035
59.4382
41.3967
73.808
44.9384
76.5391
75.9881
76.9839
75.7461
75.5776
84.2217
80.3563
83.6943
82.6729
83.3469
83.2265
81.6015
83.6771
82.8228
82.7809
82.1977
82.2294
88.4964
81.7906
82.3142
78.2331
79.3262
86.4592
79.3305
79.7683
82.391
79.9702
48.9923
79.8647
79.0338
79.6393
70.1212
48.2662
59.3651
56.4388
64.3678
78.1133
81.891
50.4677
84.3919
79.3796
51.2417
52.0964
76.1361
75.724
83.8675
53.0013
68.7831
76.4515
77.6531
85.6015
84.5507
84.7662
85.9338
85.9909
85.9746
85.6878
85.0694
84.8268
85.1731
85.6352
84.6969
84.7908
73.9304
84.9232
87.1161
85.9694
85.6509
84.1835
79.3229
80.7105
79.484
77.5535
78.3139
78.3133
76.4389
72.8632
74.3897
72.9193
73.4925
76.0286
76.7317
77.9982
77.2102
78.1034
76.7234
75.0303
76.2635
75.0672
74.794
72.25
73.4735
73.8724
73.3533
71.4874
70.5112
69.0709
66.8919
66.6033
65.9011
65.5735
66.9438
66.6195
68.0508
67.1233
50.5257
70.0841
70.6095
71.8644
71.3419
69.8753
69.9557
68.1491
67.3265
69.0536
58.9656
68.5837
67.9284
56.3189
67.612
70.7286
68.8841
67.1939
81.0114
66.3834
67.6844
70.4034
57.636
69.3721
77.4091
69.3998
73.1365
68.8483
93.6985
71.0467
62.8707
62.9212
77.7076
58.1196
79.2156
79.4904
80.5762
82.0186
82.8112
82.0114
79.1084
81.3797
81.9989
82.6347
82.5435
80.8043
83.6439
83.0661
81.3438
85.4011
78.5757
81.2015
83.4
82.1494
82.4675
82.3591
81.0337
80.6336
82.8549
79.9461
79.5845
77.141
75.7402
75.3723
73.9084
75.5618
75.7679
78.5708
77.0092
75.6964
76.2746
79.6957
79.8452
79.08
77.4724
75.697
73.7215
75.9671
74.9211
72.3229
74.9952
76.6467
80.242
81.7634
79.4721
79.3799
77.4069
75.9775
76.4384
34.5049
75.8195
82.3297
74.9022
74.9497
50.4927
71.7458
71.9118
49.8629
71.088
42.745
77.495
80.982
80.2954
44.3541
80.1901
72.5831
83.4703
102.466
82.4199
73.5137
89.2035
80.5589
79.8644
79.5054
81.3693
81.6151
71.4617
66.7478
43.7945
84.8116
84.979
85.0085
85.301
62.4304
55.1889
88.1667
87.0113
85.9779
41.5237
85.5867
63.5768
83.9153
84.2364
80.8657
77.0044
78.4643
79.743
48.6114
59.2106
76.9928
74.5632
73.0083
72.8102
72.6963
72.5942
69.1685
68.0946
68.3308
66.3241
65.7955
69.8396
70.4436
69.7537
71.2453
72.0976
72.29
75.515
79.9476
77.0303
53.1559
75.975
61.9532
91.8788
56.7423
81.479
80.6102
80.8755
80.2355
78.1463
60.2684
67.7124
86.8814
62.4685
82.653
75.5758
84.237
84.9154
84.35
85.9521
113.405
84.4326
83.5747
27.6695
80.7618
80.3388
80.7641
82.5874
81.7508
29.5507
82.4112
82.7038
83.0189
83.5839
84.512
83.9882
86.893
85.2237
84.0055
85.0669
84.3446
84.7678
87.4867
86.4146
89.154
86.3408
59.2263
57.7552
87.7579
87.8895
37.4413
87.3517
86.521
86.0061
85.6473
87.6873
87.104
87.3971
89.519
63.4559
85.1516
86.1705
80.6883
96.8986
88.7115
71.5554
87.2944
36.5449
79.419
45.5579
46.5676
53.6404
71.5267
88.299
87.8247
86.7626
86.7894
85.0334
85.1803
85.7573
85.9098
87.6702
86.8882
86.6921
85.2535
59.3764
89.7992
85.547
84.6908
68.8231
85.4059
87.8791
63.8115
77.5559
58.6084
86.0283
85.5136
77.7047
76.7964
85.6151
44.8376
54.0712
85.6175
83.0969
86.126
47.6689
86.1322
71.2022
85.4004
79.5689
86.3398
87.2686
87.4492
80.1047
59.935
46.2848
65.6348
66.3938
50.9481
78.7156
36.8691
36.9702
82.2545
81.384
76.9674
80.7791
72.418
71.7235
83.3213
55.5663
79.0537
61.9476
77.4784
76.987
74.2803
69.3271
64.786
58.1339
51.711
51.9943
47.2196
47.2457
46.5794
46.5845
46.6324
47.0392
45.8196
45.6138
