53.7325
49.279
50.3719
11.7297
48.747
52.1848
53.5785
55.5504
57.1387
55.744
55.6973
55.2547
55.0214
56.3286
56.278
56.4783
53.4758
52.6318
51.6698
51.6477
52.7403
42.6858
58.4375
58.2391
58.473
17.2942
57.3737
55.4465
56.4663
57.4178
57.0976
23.2768
55.0101
58.9121
57.3351
58.4854
16.9125
57.8262
56.0895
56.6247
59.0221
59.6386
59.371
59.555
56.4525
18.5609
57.0279
56.3852
58.0696
57.8692
17.011
56.8315
57.3915
58.1953
57.4847
57.8031
59.4393
60.0379
59.8056
61.7237
61.3837
61.0443
60.2373
59.5432
62.0342
58.4615
60.7909
60.0227
26.1143
56.0647
24.2785
54.6165
54.7228
54.0849
55.2071
55.6886
54.7475
54.5532
55.8535
59.323
61.6958
24.484
63.187
62.4763
62.5627
21.1413
63.9241
63.3714
64.0041
62.8811
62.4374
64.9019
65.716
64.0331
62.4029
61.9819
64.2083
62.4623
62.2822
63.7404
62.1884
62.311
63.2692
63.8899
66.0603
61.8385
63.7308
65.0438
62.4267
62.3888
62.5366
65.5331
63.4823
40.8
47.0009
39.0056
63.1288
34.987
63.3387
60.986
60.9489
67.6638
34.4144
61.6414
61.0526
50.212
63.9131
62.0605
61.8229
61.5915
61.7441
61.904
60.6985
61.5341
55.0822
63.2736
60.7427
61.7527
61.2352
60.8222
60.8103
51.8926
62.553
61.2559
61.266
61.487
61.5538
61.7429
61.8526
61.039
56.5955
63.3092
45.499
53.1712
61.5276
61.4627
62.0371
62.2464
35.033
60.6178
62.5439
65.9542
62.8514
63.5812
61.8483
29.5021
50.5294
43.8739
29.9588
32.0101
24.733
37.8426
34.2774
32.5694
55.5763
55.3732
48.0199
49.6241
15.8283
14.2876
58.2208
64.2209
63.9094
14.415
20.9669
72.0631
71.2729
46.5241
72.7377
74.6498
73.4714
74.0634
69.0953
71.7789
71.481
69.6397
14.1385
69.2555
15.3019
65.8891
68.24
68.5798
66.0101
67.0161
67.7341
69.4001
68.4864
67.1783
66.4921
68.6913
67.6513
68.5887
68.7529
70.4836
66.7802
67.0095
44.6056
68.9055
70.0483
68.3053
69.6191
71.3915
71.9984
72.3924
70.3314
71.4877
73.2043
71.1327
72.0839
72.5677
74.8418
70.8783
72.6411
71.98
74.9279
73.0969
77.0995
71.9453
73.3416
70.4435
70.9653
72.04
73.6203
71.2735
71.7378
72.9389
71.8591
73.4387
70.9753
15.6673
69.4495
21.5437
68.7572
69.3103
68.518
70.9373
21.0959
72.4756
17.4568
68.7353
70.8018
71.9314
70.3488
70.1871
69.5769
23.4793
69.9127
71.3209
70.7794
68.3971
44.176
69.6864
33.384
14.5789
22.2442
65.8682
62.978
64.795
61.8461
62.5958
63.2357
63.2368
64.6048
63.5121
15.3441
61.8337
61.5913
62.9562
66.0515
64.5082
66.2596
65.2095
67.0315
65.9387
66.0636
65.9694
65.0353
64.67
66.1238
64.6477
63.2444
63.4734
63.695
62.9236
63.8416
57.263
62.2431
65.8894
65.6622
66.5026
68.4269
69.3486
67.1635
66.5213
66.386
66.5913
68.1909
66.8843
69.3578
67.9402
64.5698
66.1407
67.5021
67.2147
66.2674
66.2588
65.9889
65.9625
65.4653
65.5246
64.5796
64.3209
63.2059
64.2517
65.7006
67.5013
65.2721
62.9453
64.6489
67.37
65.4445
64.2555
66.8562
67.3407
66.2009
28.5653
67.9761
66.9306
66.5297
64.8207
65.2297
66.9273
66.4096
67.1237
68.077
65.9898
66.7701
67.7638
67.1139
65.4366
66.4633
65.1157
62.3837
62.253
64.597
63.3421
62.4052
62.7506
63.1949
64.627
63.5439
63.7022
63.857
62.3614
62.7545
25.4944
29.6351
58.7172
56.5024
60.621
59.2625
61.3488
57.7106
60.5898
60.4745
62.9473
14.7969
66.207
63.9948
67.8343
67.5097
66.8289
65.1727
68.3227
22.9843
68.4901
67.3748
66.6731
67.4497
66.5166
68.6249
68.3959
67.7199
66.2213
17.2382
64.8806
65.2064
68.0961
67.8254
66.2983
70.16
67.8276
69.2638
69.3601
67.0535
69.08
68.539
69.8257
69.9389
68.5924
66.4905
67.7603
67.2496
66.5489
68.3529
63.8391
63.8144
63.4778
62.7595
61.2619
59.6803
17.5813
57.9407
55.8502
54.738
54.311
53.1565
53.2733
51.9495
51.4615
52.9472
51.7299
33.1761
52.3549
52.1089
53.2393
55.0646
56.3066
54.1506
56.2116
58.1621
60.4894
61.6821
61.5596
66.0426
68.193
66.0363
66.6181
67.2146
68.0106
69.1904
70.0965
16.4373
70.2345
70.832
69.2206
73.0804
70.5864
70.3581
72.1927
71.7912
75.0133
72.0179
74.0209
73.7382
72.7641
73.9044
75.1855
71.4839
73.4089
73.7503
59.179
70.1648
70.1219
69.6729
70.6145
66.6398
66.2265
68.5828
66.9423
21.0253
34.8144
66.7752
66.9334
64.34
66.5909
63.8723
62.4259
61.1113
59.599
62.3915
57.5214
60.2411
59.8842
59.7268
58.7212
20.6851
9.81682
58.7095
62.7939
60.3526
57.185
56.9971
55.1904
52.9987
52.5528
16.3391
49.2302
48.6948
50.0556
50.5553
16.9108
50.8975
52.8911
53.3366
54.9666
54.6468
56.8671
53.6037
61.5486
62.2567
63.3933
61.2961
60.2797
63.3351
64.2712
60.3542
24.6088
57.3833
56.5028
55.6013
26.0992
54.9173
55.0074
36.2756
53.9676
52.4644
56.298
53.8519
55.8088
28.7426
49.032
44.7913
52.9705
12.4814
56.5796
55.0966
53.8519
41.9708
54.3136
51.8243
51.6109
51.9416
50.6971
53.1026
53.8455
53.0708
51.2155
50.4733
50.889
50.2558
52.2898
49.565
49.8511
49.8764
45.7234
43.3419
17.9699
41.4677
42.0902
44.0544
45.4231
18.8431
45.729
48.0916
46.3821
16.5253
47.2673
47.876
47.9673
46.4494
49.8867
49.6683
18.0505
48.4185
48.8162
47.3358
43.1793
46.3751
40.6831
44.6475
42.7373
39.4745
41.9784
41.6978
41.9446
41.2653
41.3939
29.4912
36.7233
38.8555
39.9401
39.48
39.0967
39.9999
39.8432
39.0829
14.3027
7.12876
37.7028
38.0339
39.4051
39.5952
40.9881
41.4524
45.2252
44.8814
45.4645
8.77643
46.4606
46.2063
46.6763
53.2532
39.7563
50.2936
49.1511
50.0864
50.7752
51.6608
51.6422
49.4531
49.4397
50.7827
52.3291
53.1773
52.1398
50.635
53.0371
50.0778
50.206
50.0475
50.5627
52.7163
57.2086
50.8853
51.161
51.2698
47.0936
50.5926
50.4789
48.2815
50.4698
48.5749
53.2289
49.4854
53.8219
52.1202
54.4243
52.9237
51.8889
50.5516
55.7762
52.692
55.1278
43.6534
57.7531
48.4771
59.5796
58.5715
61.0507
58.8804
29.8235
57.8387
61.3905
61.4713
64.4127
66.0755
65.0185
66.7212
66.7284
67.4526
67.2602
66.5932
68.2692
67.3961
14.0654
67.5531
65.3704
65.7173
67.1807
64.3597
66.0868
68.1627
68.0732
44.1175
65.5461
56.3278
61.7418
15.8287
67.1731
9.33972
65.8157
55.761
66.212
67.3834
69.0822
67.4355
63.0714
70.3453
70.4525
70.9686
69.8156
62.346
70.9644
59.09
71.5547
70.9596
71.7137
69.2462
69.0983
73.3499
71.9742
71.5044
70.2629
69.2495
71.9953
71.9534
70.9816
70.5674
74.0397
29.3267
73.3513
69.3542
72.0436
71.3314
70.2336
65.6735
63.7286
65.0269
64.2257
61.723
63.3535
59.7891
61.0545
59.9473
57.8892
59.1791
60.1438
61.695
62.4195
62.5028
62.7051
62.0157
61.172
64.4213
59.2827
60.755
59.9879
60.8001
58.1203
57.9222
57.1958
57.4419
56.8434
53.7825
54.2711
54.134
53.6587
53.0626
53.651
51.7423
56.9191
17.2416
55.7434
27.7228
57.5512
57.5266
56.8665
55.6956
57.6587
56.233
55.7469
54.1387
55.4939
54.2989
20.6193
55.2471
54.5474
55.995
30.622
51.8424
53.9625
53.5208
54.9745
31.123
56.0133
54.4384
34.031
58.1649
60.4683
63.3252
62.9807
62.4288
20.5072
64.8005
38.4592
64.7519
63.7379
66.1448
66.5208
63.9687
64.7545
64.6374
65.4687
67.1919
67.8124
67.8693
66.7035
66.8246
68.7177
67.7763
69.1572
68.7666
66.8233
69.1141
66.6435
64.6756
65.1155
64.6415
65.4852
22.026
64.2515
63.6367
62.4953
61.9153
60.5413
60.7897
61.4216
63.1815
63.9806
67.6532
73.5831
73.2252
65.3925
68.5041
68.7296
69.3965
69.3843
64.7241
63.304
63.2555
62.9837
75.6137
69.0619
77.4663
77.1203
76.0583
64.3399
64.9848
62.071
65.8583
65.5936
66.714
65.3485
67.6405
65.3574
47.9873
41.4537
68.0694
65.9366
67.6603
47.2178
66.6302
85.7123
61.6437
72.7595
67.051
71.3089
75.4502
73.3217
50.7145
77.1245
74.3659
77.5306
72.7359
71.3041
73.0236
74.5017
6.94714
76.0543
73.4376
68.9875
68.6068
67.7505
68.6229
68.967
68.4817
46.0812
72.7396
68.3966
67.4476
67.3583
70.3801
75.6468
64.8582
63.3047
63.8516
63.5262
63.8494
62.3447
71.8208
60.8802
59.0941
60.6147
57.8628
61.8893
56.9946
55.6895
54.4247
52.6256
51.2206
55.3856
55.7347
18.244
63.6257
60.8643
65.0266
64.2309
24.4243
65.3211
70.9978
24.1523
67.8579
12.0818
61.9249
61.8382
22.7398
62.7591
66.7733
69.9206
70.7929
66.8937
70.607
72.9266
75.0172
72.7909
69.0875
69.2516
69.1292
68.1515
68.4453
70.9174
71.3955
67.8555
69.0718
33.4205
68.1326
24.9146
66.807
65.3693
67.203
69.09
69.08
70.531
67.8034
21.194
8.83031
73.1457
71.107
63.998
72.3857
70.4279
73.8663
73.5497
72.6595
72.2625
73.3544
24.2812
72.0838
71.6125
72.6867
76.0184
72.1234
72.4425
73.7674
78.5436
71.6178
73.5173
74.5946
74.1239
73.5016
73.5488
73.7004
73.8911
73.845
75.366
67.0288
74.1547
42.7877
59.7253
33.1248
35.9769
41.9726
71.9272
71.8923
72.8599
71.0146
72.9886
73.012
75.8631
70.1936
74.9009
74.5054
71.7981
72.2784
73.0504
74.1628
74.1065
74.6425
74.4673
46.2152
69.845
75.6612
41.651
68.5904
9.81029
72.2962
66.3598
71.1561
68.5773
23.4341
68.708
17.0791
9.97883
70.3298
69.4309
70.0021
68.2204
67.0005
71.2818
68.5479
70.3255
71.746
71.0176
73.4887
44.7329
39.2641
33.1653
32.4695
69.8573
69.6923
65.0944
64.6353
64.0949
69.9075
64.2959
67.9936
65.2997
67.9607
65.4081
64.5026
63.3822
66.3878
63.6592
67.0469
61.139
55.7505
50.8596
17.5993
38.9875
26.7056
36.1464
34.032
31.1664
33.4531
32.6566
32.6191
31.6745
32.7526
