0.433333 -0.065722 2.088841 0.678297 0.045235 0.042488 0.050420 0.996798
0.466667 -0.081718 2.297321 0.695443 0.043830 0.045325 0.055491 0.996466
0.500000 -0.098562 2.504887 0.701750 0.043060 0.048899 0.060702 0.996027
0.533333 -0.117807 2.711720 0.697242 0.041551 0.051388 0.065660 0.995651
0.566667 -0.139672 2.918103 0.681271 0.040014 0.053410 0.071030 0.995239
0.600000 -0.161090 3.125404 0.655095 0.038344 0.056700 0.076057 0.994751
0.633333 -0.184620 3.331481 0.618173 0.037321 0.059606 0.081230 0.994211
0.666667 -0.208992 3.538119 0.571254 0.035764 0.062918 0.086386 0.993630
0.700000 -0.236031 3.743438 0.514825 0.034292 0.065750 0.091625 0.993029
0.733333 -0.264738 3.948655 0.449964 0.032473 0.068640 0.096678 0.992415
0.766667 -0.294958 4.153273 0.377323 0.030536 0.071430 0.101882 0.991759
0.800000 -0.327186 4.357080 0.297401 0.028797 0.073995 0.107069 0.991076
0.833333 -0.360261 4.560543 0.211311 0.027123 0.076676 0.112260 0.990345
0.866667 -0.395034 4.765531 0.116031 0.024250 0.079447 0.117272 0.989620
0.900000 -0.432125 4.967797 0.020434 0.022278 0.081720 0.122457 0.988853
0.933333 -0.470699 5.169564 -0.078748 0.020102 0.083885 0.127624 0.988064
0.966667 -0.513831 5.370715 -0.179348 0.018648 0.085497 0.132764 0.987277
1.000000 -0.553523 5.571890 -0.281512 0.016659 0.087786 0.138099 0.986380
1.033333 -0.596539 5.765434 -0.390083 0.014800 0.090441 0.143510 0.985396
1.066667 -0.642382 5.963487 -0.492176 0.012048 0.091896 0.148628 0.984540
1.100000 -0.689508 6.159420 -0.593900 0.009520 0.093419 0.153876 0.983618
1.133333 -0.737668 6.356244 -0.691148 0.007406 0.094782 0.159194 0.982659
1.166667 -0.787658 6.553980 -0.782352 0.005210 0.095720 0.164505 0.981707
1.200000 -0.838921 6.746780 -0.871520 0.002392 0.097198 0.169581 0.980708
1.233333 -0.892096 6.941658 -0.952134 0.000709 0.098236 0.174916 0.979670
1.266667 -0.947227 7.135362 -1.024244 -0.001670 0.099183 0.180244 0.978607
1.300000 -1.004016 7.328941 -1.088842 -0.003821 0.099837 0.185481 0.977555
1.333333 -1.061314 7.521246 -1.144722 -0.006321 0.100142 0.190663 0.976514
1.366667 -1.118823 7.712180 -1.193010 -0.008376 0.100753 0.195923 0.975394
1.400000 -1.177970 7.902791 -1.228987 -0.010791 0.100808 0.201181 0.974293
1.433333 -1.238173 8.095487 -1.256024 -0.012782 0.100912 0.206348 0.973177
1.466667 -1.300023 8.287894 -1.273836 -0.014731 0.101005 0.211665 0.971997
1.500000 -1.362984 8.476712 -1.277615 -0.016787 0.100823 0.216936 0.970820
1.533333 -1.427450 8.665181 -1.270951 -0.019442 0.100560 0.222064 0.969638
1.566667 -1.494167 8.854007 -1.254489 -0.021121 0.100145 0.227337 0.968423
1.600000 -1.561809 9.040323 -1.225643 -0.023299 0.099453 0.232546 0.967207
1.633333 -1.632215 9.229678 -1.186753 -0.025139 0.098434 0.237776 0.965992
1.666667 -1.703961 9.415434 -1.138765 -0.027711 0.097408 0.242884 0.964754
1.700000 -1.776513 9.600205 -1.082066 -0.029746 0.096322 0.248119 0.963470
1.733333 -1.849727 9.781644 -1.015512 -0.030983 0.095424 0.253338 0.962161
1.766667 -1.928123 9.971797 -0.943389 -0.032794 0.094132 0.258534 0.960845
1.800000 -2.006567 10.159554 -0.862426 -0.034226 0.092814 0.263845 0.959479
1.833333 -2.084985 10.337809 -0.774603 -0.036630 0.091179 0.268881 0.958148
1.866667 -2.167032 10.516130 -0.682182 -0.038053 0.089703 0.274085 0.956756
1.900000 -2.249309 10.692295 -0.584026 -0.039672 0.088154 0.279294 0.955327
1.933333 -2.333525 10.866357 -0.483298 -0.041909 0.086236 0.284323 0.953922
1.966667 -2.418089 11.037140 -0.378470 -0.042654 0.084649 0.289606 0.952441
2.000000 -2.504256 11.208872 -0.274260 -0.044574 0.082676 0.294613 0.950990
2.033333 -2.591977 11.379820 -0.169806 -0.045793 0.080661 0.299846 0.949468
2.066667 -2.680747 11.549764 -0.067383 -0.047651 0.078232 0.304792 0.948004
2.100000 -2.771137 11.719065 0.032829 -0.048631 0.076277 0.310008 0.946421
2.133333 -2.862374 11.887615 0.129748 -0.049985 0.073700 0.315032 0.944894
2.166667 -2.955901 12.054233 0.222323 -0.050786 0.071539 0.320204 0.943277
2.200000 -3.049958 12.219224 0.309141 -0.051971 0.069086 0.325188 0.941689
2.233333 -3.145019 12.381926 0.389445 -0.052916 0.066528 0.330208 0.940073
2.266667 -3.239280 12.537236 0.464541 -0.054030 0.063718 0.335140 0.938457
2.300000 -3.336770 12.697068 0.528780 -0.055049 0.060965 0.340119 0.936788
2.333333 -3.435555 12.855588 0.584458 -0.055620 0.058053 0.345054 0.935133
2.366667 -3.536012 13.012385 0.630217 -0.056379 0.055232 0.349954 0.933436
2.400000 -3.637703 13.166884 0.666969 -0.057203 0.052105 0.354766 0.931748
2.433333 -3.742455 13.319638 0.693066 -0.057469 0.049111 0.359777 0.929971
2.466667 -3.843768 13.467948 0.711446 -0.057534 0.046172 0.364686 0.928204
2.500000 -3.950136 13.618835 0.715724 -0.057758 0.043030 0.369565 0.926409
2.533333 -4.057609 13.768258 0.709142 -0.058035 0.039905 0.374399 0.924589
2.566667 -4.167530 13.915642 0.691563 -0.058135 0.036592 0.379285 0.922726
2.600000 -4.278060 14.062213 0.662945 -0.058296 0.033086 0.384034 0.920883
2.633333 -4.388917 14.207747 0.624743 -0.057768 0.030186 0.389017 0.918922
2.666667 -4.503126 14.351470 0.576602 -0.057715 0.026661 0.393775 0.917006
2.700000 -4.617793 14.494103 0.518307 -0.057544 0.023245 0.398515 0.915060
2.733333 -4.727532 14.638046 0.455526 -0.056975 0.020361 0.403336 0.913049
2.766667 -4.845280 14.777668 0.380480 -0.056905 0.016525 0.408001 0.911056
2.800000 -4.959757 14.919555 0.303927 -0.055783 0.013646 0.412758 0.909029
2.833333 -5.078652 15.058955 0.222653 -0.054905 0.010259 0.417423 0.906994
2.866667 -5.198731 15.196311 0.132647 -0.054276 0.006680 0.422168 0.904867
2.900000 -5.321551 15.334471 0.032529 -0.053739 0.003633 0.426875 0.902705
2.933333 -5.443680 15.466409 -0.067451 -0.053220 -0.000130 0.431484 0.900549
2.966667 -5.566204 15.597447 -0.170749 -0.052232 -0.003504 0.436097 0.898376
3.000000 -5.689601 15.725588 -0.275251 -0.050635 -0.006624 0.440642 0.896229
3.033333 -5.813619 15.852508 -0.379353 -0.050179 -0.010376 0.445147 0.893990
3.066667 -5.938425 15.975970 -0.482552 -0.048411 -0.013429 0.449765 0.891733
3.100000 -6.065033 16.098635 -0.583313 -0.046605 -0.016489 0.454249 0.889502
3.133333 -6.193096 16.219429 -0.680603 -0.045160 -0.019867 0.458701 0.887220
3.166667 -6.321485 16.338836 -0.773811 -0.043438 -0.023010 0.463200 0.884889
3.200000 -6.451649 16.455765 -0.861630 -0.041586 -0.026124 0.467737 0.882502
3.233333 -6.582013 16.571093 -0.943151 -0.039488 -0.028925 0.472186 0.880139
3.266667 -6.713072 16.684413 -1.017261 -0.037593 -0.032132 0.476674 0.877688
3.300000 -6.845285 16.794457 -1.083811 -0.035298 -0.034888 0.481039 0.875293
3.333333 -6.978599 16.902967 -1.141389 -0.033103 -0.037666 0.485422 0.872841
3.366667 -7.112014 17.010675 -1.189889 -0.031176 -0.040706 0.489844 0.870301
3.400000 -7.247029 17.115396 -1.228462 -0.029040 -0.043628 0.494214 0.867759
3.433333 -7.382283 17.217635 -1.256442 -0.026219 -0.045925 0.498625 0.865203
3.466667 -7.517875 17.316346 -1.273262 -0.023980 -0.048428 0.503013 0.862588
3.500000 -7.654107 17.415074 -1.279537 -0.022444 -0.051351 0.507333 0.859926
3.533333 -7.791136 17.511238 -1.275377 -0.019990 -0.053738 0.511665 0.857270
3.566667 -7.927175 17.603844 -1.258316 -0.018315 -0.056474 0.515976 0.854543
3.600000 -8.064723 17.695381 -1.231777 -0.015618 -0.058552 0.520225 0.851877
3.633333 -8.200650 17.782762 -1.193578 -0.013473 -0.060483 0.524543 0.849126
3.666667 -8.339441 17.871517 -1.146502 -0.009947 -0.061990 0.528832 0.846401
3.700000 -8.478571 17.957483 -1.089222 -0.007490 -0.064008 0.533020 0.843645
3.733333 -8.619091 18.042652 -1.022468 -0.005020 -0.065887 0.537331 0.840779
3.766667 -8.759434 18.125715 -0.948919 -0.001886 -0.067160 0.541578 0.837961
3.800000 -8.900450 18.205777 -0.866951 0.000413 -0.068873 0.545807 0.835075
3.833333 -9.044197 18.288331 -0.778962 0.002906 -0.070571 0.550156 0.832069
3.866667 -9.187549 18.365703 -0.688081 0.005206 -0.072282 0.554418 0.829077
3.900000 -9.330907 18.442171 -0.591976 0.007736 -0.073729 0.558660 0.826077
3.933333 -9.475083 18.516672 -0.492371 0.009225 -0.075765 0.562841 0.823033
3.966667 -9.621684 18.590224 -0.388878 0.012638 -0.076471 0.567164 0.819950
4.000000 -9.764100 18.660035 -0.286085 0.015459 -0.077477 0.571301 0.816929
4.033333 -9.909012 18.733022 -0.180851 0.018374 -0.078410 0.575616 0.813745
4.066667 -10.054185 18.799195 -0.076578 0.020515 -0.079404 0.579737 0.810666
4.100000 -10.200940 18.864629 0.022705 0.022898 -0.080572 0.583904 0.807490
4.133333 -10.347951 18.927935 0.120730 0.025718 -0.081105 0.588100 0.804300
4.166667 -10.496200 18.989045 0.213069 0.028452 -0.081640 0.592266 0.801090
4.200000 -10.642586 19.049256 0.301675 0.030490 -0.082377 0.596448 0.797831
4.233333 -10.791943 19.106464 0.383472 0.033997 -0.081933 0.600572 0.794635
4.266667 -10.939321 19.160105 0.458752 0.035339 -0.082935 0.604601 0.791410
4.300000 -11.087274 19.211981 0.525920 0.038228 -0.082575 0.608752 0.788125
4.333333 -11.235273 19.261852 0.584128 0.041272 -0.082111 0.612845 0.784841
4.366667 -11.384898 19.310032 0.630271 0.043460 -0.081942 0.616903 0.781554
4.400000 -11.540383 19.356886 0.664715 0.045837 -0.081764 0.621038 0.778155
4.433333 -11.691340 19.400053 0.691407 0.048247 -0.081322 0.625149 0.774756
4.466667 -11.840747 19.441619 0.707440 0.050474 -0.080458 0.629267 0.771364
4.500000 -11.990851 19.479341 0.712771 0.052256 -0.080252 0.633277 0.767978
4.533333 -12.140944 19.515834 0.706865 0.054897 -0.078941 0.637326 0.764572
4.566667 -12.291609 19.550445 0.689683 0.056409 -0.078339 0.641390 0.761118
4.600000 -12.442425 19.583192 0.662136 0.058218 -0.077296 0.645398 0.757692
4.633333 -12.593325 19.614148 0.624353 0.060729 -0.075549 0.649415 0.754231
4.666667 -12.749671 19.638628 0.574792 0.062914 -0.074393 0.653477 0.750650
4.700000 -12.902004 19.663798 0.517636 0.064062 -0.073408 0.657445 0.747177
4.733333 -13.054984 19.686776 0.449710 0.065646 -0.071968 0.661489 0.743602
4.766667 -13.207443 19.708688 0.374788 0.067200 -0.070373 0.665436 0.740086
4.800000 -13.362210 19.727999 0.291442 0.068574 -0.068805 0.669379 0.736543
4.833333 -13.517148 19.746017 0.202139 0.070082 -0.067005 0.673378 0.732913
4.866667 -13.671815 19.759931 0.106734 0.071340 -0.065236 0.677373 0.729260
4.900000 -13.830347 19.773803 0.006797 0.072623 -0.063258 0.681335 0.725608
4.933333 -13.998580 19.784964 -0.089828 0.074352 -0.061487 0.685393 0.721753
4.966667 -14.160788 19.793470 -0.188670 0.075883 -0.059661 0.689286 0.718030
5.000000 -14.323504 19.794532 -0.294114 0.076873 -0.057738 0.693373 0.714136
5.033333 -14.480077 19.800511 -0.399187 0.077656 -0.055582 0.697217 0.710471
5.066667 -14.636029 19.802980 -0.503240 0.077980 -0.053599 0.701050 0.706806
5.100000 -14.791078 19.803362 -0.605969 0.078408 -0.051319 0.704901 0.703088
5.133333 -14.950068 19.794140 -0.704222 0.079626 -0.048575 0.708728 0.699289
5.166667 -15.104820 19.789392 -0.798988 0.079441 -0.046636 0.712523 0.695576
5.200000 -15.280023 19.782729 -0.875369 0.081166 -0.043890 0.716444 0.691515
5.233333 -15.434654 19.774319 -0.957022 0.080763 -0.041700 0.720189 0.687798
5.266667 -15.590873 19.761893 -1.031060 0.080616 -0.039371 0.723874 0.684074
5.300000 -15.747938 19.746206 -1.096905 0.080165 -0.037037 0.727694 0.680194
5.333333 -15.904058 19.731488 -1.154123 0.080135 -0.034446 0.731338 0.676414
5.366667 -16.062369 19.715353 -1.200939 0.079465 -0.031694 0.735029 0.672617
5.400000 -16.219385 19.697665 -1.238431 0.079577 -0.028339 0.738682 0.668741
5.433333 -16.387519 19.673851 -1.255903 0.079472 -0.025958 0.742353 0.664772
5.466667 -16.547441 19.646849 -1.269643 0.078910 -0.023234 0.746039 0.660802
5.500000 -16.711981 19.621465 -1.270965 0.078504 -0.020320 0.749692 0.656800
5.533333 -16.869599 19.593992 -1.265220 0.077141 -0.017849 0.753242 0.652961
5.566667 -17.030294 19.562748 -1.246723 0.076579 -0.014783 0.756826 0.648947
5.600000 -17.193661 19.526017 -1.210676 0.075971 -0.012195 0.760375 0.644910
5.633333 -17.357645 19.490644 -1.167655 0.075167 -0.009298 0.763964 0.640798
5.666667 -17.514703 19.453102 -1.118397 0.073597 -0.006775 0.767414 0.636878
5.700000 -17.671067 19.411851 -1.060093 0.071808 -0.004076 0.770800 0.633004
5.733333 -17.827107 19.368268 -0.988364 0.071149 -0.000738 0.774160 0.628978
5.766667 -17.983177 19.322712 -0.912397 0.068484 0.001270 0.777593 0.625027
5.800000 -18.139484 19.276425 -0.829093 0.067324 0.004554 0.780895 0.621007
5.833333 -18.294693 19.227044 -0.739296 0.065423 0.006985 0.784196 0.617016
5.866667 -18.449061 19.174845 -0.643785 0.063888 0.010316 0.787440 0.612985
5.900000 -18.602725 19.120208 -0.543865 0.061005 0.012342 0.790661 0.609082
5.933333 -18.755506 19.062879 -0.440855 0.059068 0.014955 0.793837 0.605070
5.966667 -18.907316 19.003604 -0.335541 0.057017 0.017660 0.796974 0.601057
6.000000 -19.058969 18.944271 -0.228428 0.054776 0.020412 0.800119 0.596986
6.033333 -19.210358 18.881057 -0.121160 0.052535 0.022777 0.803205 0.592944
6.066667 -19.361351 18.816246 -0.016439 0.050242 0.025366 0.806290 0.588837
6.100000 -19.511539 18.749477 0.086813 0.047536 0.027703 0.809375 0.584709
6.133333 -19.660029 18.680302 0.186202 0.045079 0.030085 0.812397 0.580581
6.166667 -19.808777 18.608968 0.281263 0.042423 0.032509 0.815367 0.576473
6.200000 -19.957716 18.536239 0.371475 0.039677 0.034693 0.818293 0.572380
6.233333 -20.106904 18.461147 0.453626 0.036429 0.036417 0.821239 0.568255
6.266667 -20.255631 18.384716 0.529389 0.033854 0.038820 0.824162 0.564007
6.300000 -20.403949 18.304581 0.596473 0.031025 0.040874 0.827084 0.559730
6.333333 -20.552722 18.224543 0.655463 0.028322 0.042972 0.829969 0.555430
6.366667 -20.700816 18.141704 0.704355 0.025221 0.044917 0.832783 0.551198
6.400000 -20.848754 18.058123 0.743263 0.022148 0.046760 0.835607 0.546885
6.433333 -20.995513 17.970942 0.771275 0.019304 0.048640 0.838428 0.542495
6.466667 -21.141195 17.881970 0.788900 0.016168 0.050265 0.841149 0.538220
6.500000 -21.286438 17.791094 0.795682 0.013175 0.051998 0.843901 0.533810
6.533333 -21.431750 17.699015 0.791902 0.009585 0.053114 0.846584 0.529512
6.566667 -21.575978 17.604888 0.777217 0.006396 0.054336 0.849325 0.525027
6.600000 -21.719639 17.509592 0.751046 0.002901 0.055353 0.851955 0.520673
6.633333 -21.860473 17.407514 0.712862 -0.000462 0.056268 0.854529 0.516346
6.666667 -22.001238 17.304173 0.664635 -0.003097 0.057904 0.857185 0.511733
6.700000 -22.143013 17.200986 0.607492 -0.006931 0.058381 0.859697 0.507410
6.733333 -22.283851 17.095377 0.541269 -0.010113 0.059291 0.862270 0.502865
6.766667 -22.423774 16.988198 0.466813 -0.013291 0.060139 0.864822 0.498287
6.800000 -22.561744 16.877356 0.385883 -0.016105 0.061157 0.867288 0.493773
6.833333 -22.700221 16.766202 0.298324 -0.019813 0.061130 0.869744 0.489301
6.866667 -22.837897 16.653521 0.204751 -0.022510 0.062175 0.872255 0.484561
6.900000 -22.974300 16.540127 0.105624 -0.025970 0.062296 0.874666 0.480005
6.933333 -23.110099 16.424755 0.003800 -0.029258 0.062454 0.877076 0.475375
6.966667 -23.243123 16.304449 -0.100261 -0.032520 0.062703 0.879314 0.470975
7.000000 -23.377872 16.186195 -0.205846 -0.035224 0.062930 0.881754 0.466165
7.033333 -23.510158 16.066236 -0.312840 -0.038633 0.062591 0.884072 0.461527
7.066667 -23.638856 15.944729 -0.419063 -0.041451 0.062907 0.886396 0.456756
7.100000 -23.768231 15.820810 -0.521975 -0.044495 0.062686 0.888656 0.452086
7.133333 -23.892213 15.696349 -0.620727 -0.047416 0.062600 0.890896 0.447366
7.166667 -24.021054 15.567750 -0.715750 -0.050835 0.061497 0.893102 0.442722
7.200000 -24.148572 15.437110 -0.804959 -0.053430 0.061219 0.895299 0.437992
7.233333 -24.275104 15.305281 -0.887411 -0.056241 0.060287 0.897518 0.433201
7.266667 -24.401132 15.171349 -0.962534 -0.058836 0.059587 0.899735 0.428327
7.300000 -24.526831 15.035398 -1.029102 -0.061467 0.058663 0.901917 0.423469
7.333333 -24.650951 14.895930 -1.086603 -0.063569 0.058232 0.904061 0.418618
7.366667 -24.774261 14.758516 -1.134255 -0.066182 0.056973 0.906258 0.413607
7.400000 -24.896697 14.616065 -1.173095 -0.068699 0.055744 0.908322 0.408809
7.433333 -25.018354 14.472573 -1.201409 -0.070730 0.054801 0.910477 0.403763
7.466667 -25.137634 14.327639 -1.218800 -0.072780 0.053602 0.912594 0.398751
7.500000 -25.256590 14.179981 -1.225710 -0.075130 0.051645 0.914613 0.393918
7.533333 -25.376491 14.030871 -1.220952 -0.077083 0.050249 0.916693 0.388853
7.566667 -25.484569 13.886649 -1.200727 -0.078751 0.049319 0.918675 0.383929
7.600000 -25.593903 13.737649 -1.171464 -0.080425 0.047787 0.920569 0.379211
7.633333 -25.707234 13.585348 -1.135205 -0.081826 0.046262 0.922580 0.374179
7.666667 -25.812271 13.436471 -1.082697 -0.083329 0.045016 0.924475 0.369290
7.700000 -25.922160 13.281231 -1.026317 -0.085079 0.043111 0.926376 0.364322
7.733333 -26.022325 13.128177 -0.953029 -0.085980 0.041343 0.928264 0.359479
7.766667 -26.127966 12.971860 -0.877258 -0.087355 0.039190 0.930137 0.354512
7.800000 -26.233554 12.812584 -0.795646 -0.088351 0.037386 0.932019 0.349481
7.833333 -26.337345 12.650806 -0.708637 -0.089016 0.035641 0.933833 0.344619
7.866667 -26.441166 12.489349 -0.615985 -0.089879 0.033283 0.935709 0.339503
7.900000 -26.542177 12.326688 -0.516331 -0.090464 0.031316 0.937534 0.334463
7.933333 -26.642640 12.161718 -0.415021 -0.090981 0.029178 0.939286 0.329566
7.966667 -26.741550 11.997299 -0.310005 -0.091484 0.026748 0.941066 0.324515
8.000000 -26.839631 11.830287 -0.205309 -0.091661 0.024682 0.942831 0.319465
8.033333 -26.932744 11.661156 -0.098823 -0.091837 0.022287 0.944517 0.314575
8.066667 -27.025627 11.493825 0.006852 -0.091551 0.020448 0.946278 0.309448
8.100000 -27.112794 11.329336 0.114584 -0.091473 0.017991 0.947928 0.304537
8.133333 -27.198939 11.158437 0.215062 -0.091211 0.015447 0.949542 0.299686
8.166667 -27.288362 10.987327 0.309361 -0.090712 0.013364 0.951227 0.294550
8.200000 -27.375815 10.814956 0.398798 -0.090391 0.010821 0.952782 0.289687
8.233333 -27.459896 10.640568 0.481941 -0.089457 0.008829 0.954428 0.284581
8.266667 -27.546779 10.464722 0.556111 -0.088759 0.006342 0.955971 0.279645
8.300000 -27.630892 10.289264 0.624001 -0.087779 0.004183 0.957560 0.274509
8.333333 -27.707488 10.121038 0.689490 -0.086698 0.002027 0.959040 0.269670
8.366667 -27.788396 9.940889 0.737529 -0.085551 -0.000253 0.960526 0.264710
8.400000 -27.869401 9.759952 0.775099 -0.084320 -0.002647 0.961985 0.259748
8.433333 -27.949276 9.578629 0.803445 -0.082754 -0.004676 0.963509 0.254522
8.466667 -28.028870 9.395536 0.820862 -0.081172 -0.007171 0.964958 0.249431
8.500000 -28.103526 9.211670 0.829002 -0.079696 -0.009512 0.966307 0.244558
8.533333 -28.177505 9.024640 0.823838 -0.077878 -0.011718 0.967703 0.239475
8.566667 -28.252301 8.837566 0.807914 -0.075921 -0.013768 0.969088 0.234341
8.600000 -28.325525 8.649271 0.781656 -0.073864 -0.015869 0.970437 0.229225
8.633333 -28.396093 8.458986 0.744165 -0.071817 -0.018066 0.971745 0.224117
8.666667 -28.466963 8.266398 0.696629 -0.069559 -0.020087 0.973042 0.218970
8.700000 -28.535602 8.072332 0.639207 -0.067502 -0.022842 0.974239 0.213963
8.733333 -28.602428 7.880213 0.574337 -0.064998 -0.024645 0.975453 0.208950
8.766667 -28.668271 7.687391 0.501341 -0.062473 -0.026455 0.976644 0.203871
8.800000 -28.732800 7.494722 0.419191 -0.059943 -0.028206 0.977827 0.198661
8.833333 -28.796895 7.301636 0.330407 -0.057480 -0.030364 0.978912 0.193665
8.866667 -28.858584 7.106560 0.237466 -0.054627 -0.031853 0.980019 0.188586
8.900000 -28.919757 6.910655 0.139864 -0.051819 -0.033553 0.981083 0.183479
8.933333 -28.978309 6.714040 0.038840 -0.048973 -0.035137 0.982100 0.178455
8.966667 -29.036416 6.517009 -0.064377 -0.045953 -0.036672 0.983096 0.173396
9.000000 -29.092318 6.318699 -0.168649 -0.042991 -0.038277 0.984052 0.168312
9.033333 -29.148151 6.120164 -0.273318 -0.039967 -0.039707 0.984953 0.163381
9.066667 -29.201354 5.920131 -0.377256 -0.036792 -0.041138 0.985846 0.158307
9.100000 -29.255501 5.721103 -0.480121 -0.033713 -0.042294 0.986697 0.153309
9.133333 -29.305429 5.520430 -0.579181 -0.030387 -0.043232 0.987540 0.148231
9.166667 -29.354267 5.319510 -0.674984 -0.027296 -0.044944 0.988304 0.143145
9.200000 -29.399790 5.118840 -0.764392 -0.024023 -0.045802 0.989060 0.138149
9.233333 -29.444636 4.915307 -0.846810 -0.020709 -0.046837 0.989784 0.133061
9.266667 -29.486904 4.711521 -0.921671 -0.017168 -0.047285 0.990499 0.127993
9.300000 -29.527484 4.506789 -0.988881 -0.013764 -0.048363 0.991133 0.122988
9.333333 -29.566000 4.304314 -1.046951 -0.010311 -0.048675 0.991777 0.117914
9.366667 -29.602851 4.101138 -1.094482 -0.006905 -0.049638 0.992341 0.112907
9.400000 -29.638798 3.895120 -1.133306 -0.003501 -0.050559 0.992875 0.107850
9.433333 -29.673204 3.689067 -1.161713 0.000005 -0.050721 0.993417 0.102711
9.466667 -29.705219 3.482050 -1.179682 0.003481 -0.050816 0.993918 0.097631
9.500000 -29.736094 3.274391 -1.187102 0.007081 -0.050918 0.994379 0.092557
9.533333 -29.764857 3.066302 -1.183515 0.010608 -0.051115 0.994798 0.087472
9.566667 -29.792890 2.857996 -1.169358 0.014059 -0.051566 0.995171 0.082334
9.600000 -29.818816 2.648822 -1.143454 0.017573 -0.051630 0.995516 0.077288
9.633333 -29.843485 2.439457 -1.107992 0.021080 -0.051222 0.995859 0.072083
9.666667 -29.865958 2.229590 -1.060488 0.024485 -0.051373 0.996127 0.067026
9.700000 -29.885597 2.022447 -1.002159 0.028020 -0.050813 0.996398 0.061840
9.733333 -29.905057 1.811982 -0.937590 0.031360 -0.050395 0.996627 0.056677
9.766667 -29.921605 1.600910 -0.864524 0.034754 -0.049980 0.996814 0.051534
9.800000 -29.936099 1.390098 -0.783064 0.038152 -0.049126 0.996986 0.046366
9.833333 -29.950342 1.179349 -0.694183 0.041573 -0.049276 0.997070 0.041171
9.866667 -29.961456 0.969486 -0.599900 0.044909 -0.048064 0.997185 0.036001
9.900000 -29.971257 0.758607 -0.502327 0.048140 -0.046936 0.997262 0.030779
9.933333 -29.981129 0.547184 -0.401705 0.051366 -0.046416 0.997270 0.025680
9.966667 -29.988842 0.338138 -0.296395 0.054482 -0.045210 0.997280 0.020515
10.000000 -29.994376 0.129485 -0.191085 0.057501 -0.044226 0.997248 0.015330
10.033333 -30.000192 -0.079063 -0.085134 0.060523 -0.043296 0.997175 0.010217
10.066667 -30.002827 -0.291157 0.016606 0.063350 -0.041928 0.997098 0.004866
10.100000 -30.002242 -0.503222 0.116002 0.066093 -0.040384 0.996996 -0.000312
10.133333 -30.002118 -0.715068 0.211804 0.068918 -0.039339 0.996831 -0.005523
10.166667 -29.998590 -0.926862 0.302575 0.071484 -0.037760 0.996668 -0.010824
10.200000 -29.993782 -1.139226 0.386873 0.073803 -0.036501 0.996474 -0.016154
10.233333 -29.988787 -1.351613 0.465022 0.076266 -0.035083 0.996241 -0.021367
10.266667 -29.981293 -1.560451 0.539563 0.078679 -0.033531 0.995981 -0.026593
10.300000 -29.972477 -1.766675 0.605932 0.080863 -0.030805 0.995738 -0.031891
10.333333 -29.962525 -1.978915 0.659380 0.083026 -0.029950 0.995403 -0.037193
10.366667 -29.950325 -2.187057 0.705817 0.085078 -0.028136 0.995073 -0.042418
10.400000 -29.936369 -2.397655 0.739517 0.086865 -0.026082 0.994734 -0.047737
10.433333 -29.922997 -2.607938 0.762345 0.088643 -0.024523 0.994347 -0.053066
10.466667 -29.907658 -2.813443 0.778710 0.090226 -0.022099 0.993971 -0.058252
10.500000 -29.890839 -3.010444 0.786917 0.091893 -0.020439 0.993547 -0.063261
10.533333 -29.873295 -3.218637 0.777892 0.093101 -0.018028 0.993128 -0.068586
10.566667 -29.852116 -3.424305 0.760803 0.094495 -0.015898 0.992655 -0.073855
10.600000 -29.829740 -3.632535 0.730761 0.095709 -0.013886 0.992155 -0.079219
10.633333 -29.805030 -3.839947 0.691281 0.096942 -0.011845 0.991625 -0.084504
10.666667 -29.779398 -4.044007 0.646119 0.098092 -0.009987 0.991077 -0.089688
10.700000 -29.751391 -4.250288 0.587089 0.098982 -0.007837 0.990515 -0.094981
10.733333 -29.722974 -4.455177 0.522189 0.099718 -0.005506 0.989938 -0.100245
10.766667 -29.692484 -4.660547 0.446236 0.100616 -0.003887 0.989301 -0.105568
10.800000 -29.660569 -4.865158 0.361808 0.101116 -0.001606 0.988671 -0.110918
10.833333 -29.627321 -5.068628 0.281906 0.101555 0.001025 0.988031 -0.116108
10.866667 -29.592609 -5.273228 0.186051 0.101761 0.003184 0.987354 -0.121517
10.900000 -29.555910 -5.477003 0.085635 0.102018 0.004872 0.986656 -0.126799
10.933333 -29.516619 -5.680229 -0.018622 0.102005 0.006969 0.985940 -0.132172
10.966667 -29.474064 -5.883326 -0.119330 0.101900 0.009442 0.985209 -0.137443
11.000000 -29.431120 -6.085629 -0.225271 0.101545 0.011921 0.984457 -0.142798
11.033333 -29.384856 -6.287054 -0.326166 0.101203 0.014447 0.983662 -0.148185
11.066667 -29.338563 -6.488384 -0.429719 0.100856 0.016179 0.982849 -0.153541
11.100000 -29.289503 -6.689114 -0.528996 0.100240 0.018502 0.982019 -0.158897
11.133333 -29.239413 -6.889321 -0.627570 0.099318 0.021021 0.981167 -0.164336
11.166667 -29.188471 -7.084193 -0.717393 0.098594 0.022951 0.980298 -0.169611
11.200000 -29.136111 -7.282816 -0.806432 0.097318 0.025390 0.979420 -0.174987
11.233333 -29.082658 -7.481783 -0.889403 0.095829 0.027947 0.978535 -0.180289
11.266667 -29.027714 -7.677689 -0.964102 0.094780 0.029303 0.977598 -0.185635
11.300000 -28.972036 -7.873454 -1.030928 0.093212 0.031438 0.976668 -0.190901
11.333333 -28.914648 -8.070260 -1.089389 0.091985 0.032572 0.975676 -0.196300
11.366667 -28.854507 -8.266871 -1.138274 0.090356 0.034318 0.974683 -0.201620
11.400000 -28.792099 -8.462708 -1.177286 0.088375 0.036339 0.973683 -0.206909
11.433333 -28.729832 -8.653419 -1.204456 0.086403 0.038383 0.972663 -0.212105
11.466667 -28.665470 -8.847247 -1.222399 0.084475 0.039634 0.971626 -0.217341
11.500000 -28.599481 -9.039990 -1.228878 0.082514 0.041082 0.970530 -0.222653
11.533333 -28.532175 -9.230302 -1.223927 0.080395 0.042456 0.969444 -0.227843
11.566667 -28.463861 -9.419001 -1.207953 0.078304 0.043451 0.968327 -0.233072
11.600000 -28.394203 -9.608455 -1.182199 0.075473 0.045616 0.967228 -0.238103
11.633333 -28.322565 -9.796006 -1.146311 0.073302 0.046152 0.966083 -0.243268
11.666667 -28.248772 -9.981111 -1.099348 0.070764 0.047379 0.964902 -0.248420
11.700000 -28.173850 -10.168056 -1.043585 0.067917 0.048869 0.963727 -0.253434
11.733333 -28.098083 -10.347955 -0.975774 0.064858 0.050532 0.962505 -0.258504
11.766667 -28.020952 -10.527976 -0.900014 0.062561 0.050511 0.961273 -0.263606
11.800000 -27.941162 -10.711153 -0.819684 0.059801 0.051040 0.960032 -0.268622
11.833333 -27.860152 -10.891849 -0.732018 0.056439 0.052568 0.958735 -0.273640
11.866667 -27.776738 -11.072113 -0.639468 0.053651 0.052795 0.957454 -0.278596
11.900000 -27.693099 -11.251711 -0.542468 0.050573 0.053179 0.956124 -0.283623
11.933333 -27.604428 -11.423582 -0.439266 0.047727 0.053528 0.954782 -0.288527
11.966667 -27.518637 -11.595858 -0.334350 0.044233 0.054452 0.953366 -0.293550
12.000000 -27.428897 -11.769790 -0.229751 0.040800 0.055077 0.951953 -0.298475
12.033333 -27.340027 -11.939188 -0.123308 0.037736 0.055035 0.950536 -0.303362
12.066667 -27.248125 -12.110235 -0.019565 0.034640 0.054605 0.949100 -0.308265
12.100000 -27.156345 -12.280687 0.082059 0.031460 0.054586 0.947597 -0.313195
12.133333 -27.062619 -12.449978 0.180379 0.027821 0.054680 0.946091 -0.318037
12.166667 -26.969590 -12.608573 0.277750 0.025081 0.054018 0.944559 -0.322895
12.200000 -26.873258 -12.774812 0.366313 0.021091 0.054672 0.942950 -0.327738
12.233333 -26.776701 -12.938793 0.449234 0.017958 0.053939 0.941361 -0.332578
12.266667 -26.677537 -13.103523 0.523926 0.014616 0.053215 0.939766 -0.337334
12.300000 -26.578254 -13.265276 0.591310 0.011076 0.052850 0.938072 -0.342207
12.333333 -26.477510 -13.425321 0.649623 0.007403 0.052657 0.936374 -0.346953
12.366667 -26.375987 -13.585871 0.698284 0.004102 0.051654 0.934668 -0.351726
12.400000 -26.272306 -13.742595 0.736587 0.000843 0.050721 0.932904 -0.356533
12.433333 -26.169246 -13.898465 0.763825 -0.002632 0.049794 0.931141 -0.361234
12.466667 -26.063074 -14.051729 0.779314 -0.006220 0.048934 0.929314 -0.365982
12.500000 -25.959910 -14.201469 0.782635 -0.009872 0.048010 0.927488 -0.370626
12.533333 -25.851016 -14.354094 0.777547 -0.012980 0.046502 0.925644 -0.375304
12.566667 -25.741316 -14.504445 0.761309 -0.016124 0.045054 0.923785 -0.379910
12.600000 -25.633165 -14.652440 0.734082 -0.019777 0.044074 0.921812 -0.384615
12.633333 -25.520656 -14.800106 0.697905 -0.022943 0.042598 0.919829 -0.389326
12.666667 -25.406314 -14.944253 0.649867 -0.026033 0.040829 0.917824 -0.394023
12.700000 -25.293295 -15.087406 0.592519 -0.029235 0.039288 0.915785 -0.398672
12.733333 -25.177472 -15.229916 0.526969 -0.032611 0.037956 0.913704 -0.403287
12.766667 -25.060027 -15.371193 0.452734 -0.035094 0.035499 0.911666 -0.407889
12.800000 -24.941801 -15.511245 0.371193 -0.038045 0.033599 0.909529 -0.412530
12.833333 -24.820263 -15.648406 0.282695 -0.040895 0.031552 0.907382 -0.417122
12.866667 -24.700344 -15.782629 0.187045 -0.044380 0.030218 0.905118 -0.421757
12.900000 -24.580361 -15.913881 0.086964 -0.047056 0.027822 0.902876 -0.426410
12.933333 -24.460063 -16.042736 -0.016690 -0.050017 0.025875 0.900589 -0.431009
12.966667 -24.337060 -16.172069 -0.121744 -0.052716 0.023750 0.898284 -0.435594
13.000000 -24.212018 -16.301573 -0.227450 -0.055155 0.021335 0.895975 -0.440149
13.033333 -24.084057 -16.429280 -0.332552 -0.057155 0.018563 0.893654 -0.444714
13.066667 -23.955819 -16.555462 -0.436890 -0.060246 0.016987 0.891161 -0.449348
13.100000 -23.827527 -16.677947 -0.540117 -0.062240 0.014284 0.888746 -0.453930
13.133333 -23.698379 -16.800065 -0.638645 -0.064529 0.011881 0.886293 -0.458454
13.166667 -23.569755 -16.920139 -0.733225 -0.066660 0.009446 0.883791 -0.463012
13.200000 -23.443375 -17.034361 -0.822462 -0.069092 0.007275 0.881270 -0.467479
13.233333 -23.313822 -17.153799 -0.904881 -0.070775 0.004352 0.878739 -0.472005
13.266667 -23.179178 -17.266094 -0.981889 -0.072649 0.001950 0.876177 -0.476480
13.300000 -23.044075 -17.378947 -1.049779 -0.074152 -0.000711 0.873555 -0.481044
13.333333 -22.908363 -17.487864 -1.110002 -0.075474 -0.003716 0.870912 -0.485595
13.366667 -22.776265 -17.592549 -1.160048 -0.077134 -0.006243 0.868268 -0.490023
13.400000 -22.640856 -17.699794 -1.199086 -0.078348 -0.009042 0.865586 -0.494511
13.433333 -22.501729 -17.805421 -1.228206 -0.079947 -0.011273 0.862774 -0.499102
13.466667 -22.371554 -17.903808 -1.247189 0.081791 0.013196 -0.860082 0.503384
13.500000 -22.233752 -18.003527 -1.254613 0.082376 0.016409 -0.857324 0.507878
13.533333 -22.094144 -18.104438 -1.252295 0.083337 0.019304 -0.854502 0.512356
13.566667 -21.949981 -18.201336 -1.240007 0.083561 0.022194 -0.851701 0.516847
13.600000 -21.810352 -18.293639 -1.216529 0.083986 0.025107 -0.848930 0.521186
13.633333 -21.671860 -18.382306 -1.181908 0.085235 0.026989 -0.846031 0.525583
13.666667 -21.533303 -18.469470 -1.135750 0.085881 0.029444 -0.843148 0.529961
13.700000 -21.391468 -18.555734 -1.080787 0.085689 0.032378 -0.840306 0.534317
13.733333 -21.252364 -18.636670 -1.014297 0.085452 0.035228 -0.837441 0.538655
13.766667 -21.109190 -18.718878 -0.941347 0.085710 0.037535 -0.834452 0.543078
13.800000 -20.966440 -18.800017 -0.861829 0.086035 0.039616 -0.831463 0.547447
13.833333 -20.823140 -18.879998 -0.776280 0.085868 0.041854 -0.828462 0.551838
13.866667 -20.680549 -18.955786 -0.683431 0.085191 0.044606 -0.825517 0.556125
13.900000 -20.536836 -19.032899 -0.587016 0.085229 0.046471 -0.822479 0.560451
13.933333 -20.400813 -19.102532 -0.478744 0.084709 0.048453 -0.819455 0.564775
13.966667 -20.255827 -19.174540 -0.373609 0.083878 0.050761 -0.816454 0.569026
14.000000 -20.109745 -19.244722 -0.269957 0.083529 0.052556 -0.813255 0.573478
14.033333 -19.963676 -19.309757 -0.160729 0.082044 0.054844 -0.810228 0.577747
14.066667 -19.817391 -19.374213 -0.055289 0.081221 0.056580 -0.807102 0.582055
14.100000 -19.669093 -19.437044 0.045258 0.079849 0.058533 -0.803998 0.586332
14.133333 -19.521536 -19.497118 0.146860 0.078945 0.060081 -0.800771 0.590698
14.166667 -19.376552 -19.554577 0.244136 0.077285 0.061853 -0.797702 0.594873
14.200000 -19.225438 -19.609841 0.331556 0.075719 0.063710 -0.794494 0.599155
14.233333 -19.076071 -19.666011 0.412429 0.074377 0.065029 -0.791244 0.603467
14.266667 -18.926070 -19.720864 0.485405 0.072207 0.067162 -0.788115 0.607578
14.300000 -18.773701 -19.772421 0.550023 0.071261 0.067827 -0.784728 0.611983
14.333333 -18.619459 -19.824409 0.604235 0.069000 0.069649 -0.781524 0.616124
14.366667 -18.466941 -19.871840 0.651083 0.067592 0.070557 -0.778127 0.620460
14.400000 -18.312982 -19.916631 0.687697 0.065821 0.071414 -0.774790 0.624715
14.433333 -18.158540 -19.959047 0.713622 0.063164 0.072902 -0.771568 0.628791
14.466667 -18.001802 -20.001071 0.727338 0.061242 0.073670 -0.768092 0.633133
14.500000 -17.847152 -20.039759 0.732384 0.058903 0.074684 -0.764775 0.637237
14.533333 -17.691479 -20.075684 0.726904 0.056791 0.075158 -0.761382 0.641423
14.566667 -17.534516 -20.109016 0.710360 0.054332 0.075846 -0.757939 0.645619
14.600000 -17.374364 -20.139665 0.682388 0.051456 0.076597 -0.754545 0.649729
14.633333 -17.216712 -20.168041 0.645381 0.049241 0.076711 -0.751080 0.653888
14.666667 -17.057479 -20.194825 0.598849 0.046742 0.076909 -0.747573 0.658054
14.700000 -16.900251 -20.221374 0.543139 0.044098 0.077336 -0.744084 0.662128
14.733333 -16.741104 -20.239596 0.478879 0.041194 0.077214 -0.740670 0.666145
14.766667 -16.582384 -20.258984 0.405840 0.038847 0.076869 -0.737125 0.670246
14.800000 -16.424165 -20.276718 0.325870 0.035179 0.077307 -0.733735 0.674106
14.833333 -16.265785 -20.291929 0.240100 0.032676 0.076711 -0.730197 0.678129
14.866667 -16.107495 -20.306969 0.148186 0.029978 0.076151 -0.726636 0.682131
14.900000 -15.948969 -20.318210 0.052009 0.027252 0.075527 -0.723099 0.686061
14.933333 -15.791097 -20.328791 -0.047806 0.024142 0.075067 -0.719566 0.689933
14.966667 -15.633378 -20.335950 -0.151010 0.020873 0.074571 -0.716080 0.693709
15.000000 -15.475755 -20.342401 -0.254659 0.018290 0.073524 -0.712482 0.697588
15.033333 -15.318017 -20.349226 -0.357353 0.015506 0.072496 -0.708882 0.701420
15.066667 -15.161314 -20.347795 -0.461875 0.012121 0.071674 -0.705376 0.705096
15.100000 -15.008303 -20.344833 -0.565978 0.009409 0.070483 -0.701787 0.708829
15.133333 -14.852000 -20.342558 -0.663520 0.007074 0.068703 -0.698221 0.712543
15.166667 -14.696175 -20.336006 -0.756657 0.003670 0.067685 -0.694651 0.716146
15.200000 -14.543364 -20.328803 -0.848428 0.000744 0.066596 -0.690997 0.719783
15.233333 -14.389475 -20.317296 -0.930612 -0.002579 0.065275 -0.687443 0.723294
15.266667 -14.233504 -20.305171 -1.004497 -0.004710 0.062986 -0.683762 0.726967
15.300000 -14.081270 -20.289193 -1.071293 -0.008017 0.061698 -0.680222 0.730361
15.333333 -13.925225 -20.272556 -1.127263 -0.010382 0.059399 -0.676489 0.733980
15.366667 -13.768429 -20.252332 -1.172496 -0.013378 0.057484 -0.672820 0.737448
15.400000 -13.613797 -20.231752 -1.209918 -0.016454 0.055745 -0.669042 0.740949
15.433333 -13.458489 -20.207729 -1.236415 -0.018910 0.053288 -0.665374 0.744365
15.466667 -13.304325 -20.182290 -1.253757 -0.021919 0.051461 -0.661554 0.747809
15.500000 -13.152031 -20.153713 -1.260243 -0.024761 0.049331 -0.657880 0.751097
15.533333 -12.996342 -20.123273 -1.253445 -0.027078 0.046608 -0.654013 0.754560
15.566667 -12.841504 -20.090129 -1.236491 -0.029610 0.044119 -0.650246 0.757863
15.600000 -12.687603 -20.055033 -1.209522 -0.031845 0.041470 -0.646430 0.761180
15.633333 -12.535770 -20.017687 -1.172336 -0.033736 0.038418 -0.642599 0.764495
15.666667 -12.381711 -19.979629 -1.124570 -0.036922 0.036383 -0.638740 0.767675
15.700000 -12.229306 -19.938482 -1.069613 -0.039568 0.033913 -0.634834 0.770890
15.733333 -12.077744 -19.896508 -1.003791 -0.041240 0.030655 -0.630913 0.774150
15.766667 -11.926947 -19.851255 -0.928410 -0.043440 0.027750 -0.627178 0.777168
15.800000 -11.775501 -19.809374 -0.847388 -0.045947 0.025180 -0.623221 0.780289
15.833333 -11.623162 -19.762429 -0.760425 -0.047939 0.022299 -0.619227 0.783430
15.866667 -11.471515 -19.712429 -0.666638 -0.050186 0.019580 -0.615293 0.786456
15.900000 -11.320321 -19.659815 -0.568346 -0.051715 0.016294 -0.611248 0.789580
15.933333 -11.168897 -19.604154 -0.467459 -0.053623 0.013255 -0.607221 0.792610
15.966667 -11.018557 -19.548814 -0.362493 -0.054988 0.009853 -0.603161 0.795661
16.000000 -10.869165 -19.490145 -0.256659 -0.056672 0.006896 -0.599105 0.798633
16.033333 -10.714740 -19.428650 -0.158949 -0.058621 0.004190 -0.594924 0.801630
16.066667 -10.564816 -19.365285 -0.055966 -0.059166 0.000464 -0.590860 0.804601
16.100000 -10.415516 -19.299230 0.044772 -0.061096 -0.002255 -0.586692 0.807499
16.133333 -10.267624 -19.232820 0.143566 -0.061848 -0.005884 -0.582491 0.810459
16.166667 -10.114939 -19.161866 0.230654 -0.063466 -0.008492 -0.578222 0.813363
16.200000 -9.966012 -19.089742 0.317568 -0.064121 -0.011867 -0.574005 0.816251
16.233333 -9.820060 -19.016766 0.399930 -0.064691 -0.015278 -0.569752 0.819124
16.266667 -9.674876 -18.939915 0.474054 -0.065855 -0.018316 -0.565531 0.821890
16.300000 -9.529302 -18.862039 0.538295 -0.066223 -0.021629 -0.561164 0.824768
16.333333 -9.385196 -18.782785 0.595601 -0.066663 -0.024739 -0.556860 0.827558
16.366667 -9.242467 -18.701148 0.643405 -0.066978 -0.028083 -0.552533 0.830321
16.400000 -9.096514 -18.615271 0.675441 -0.067384 -0.031042 -0.548212 0.833042
16.433333 -8.943376 -18.526738 0.698323 -0.068608 -0.033428 -0.543615 0.835858
16.466667 -8.799296 -18.439579 0.711361 -0.068534 -0.036464 -0.539229 0.838573
16.500000 -8.649084 -18.346667 0.714171 -0.068799 -0.039336 -0.534636 0.841358
16.533333 -8.508813 -18.255218 0.708430 -0.067991 -0.042724 -0.530173 0.844079
16.566667 -8.367604 -18.160780 0.691109 -0.068104 -0.045441 -0.525591 0.846789
16.600000 -8.228133 -18.065306 0.664099 -0.067771 -0.048456 -0.521080 0.849432
16.633333 -8.089973 -17.967179 0.626845 -0.067644 -0.051030 -0.516614 0.852016
16.666667 -7.952296 -17.868098 0.579606 -0.067203 -0.053775 -0.512069 0.854621
16.700000 -7.815671 -17.767296 0.523058 -0.066496 -0.056503 -0.507471 0.857239
16.733333 -7.678335 -17.663391 0.454905 -0.066254 -0.058806 -0.502863 0.859815
16.766667 -7.537382 -17.555140 0.376918 -0.066061 -0.060904 -0.498113 0.862444
16.800000 -7.397534 -17.444218 0.290876 -0.064814 -0.063451 -0.493355 0.865086
16.833333 -7.264237 -17.334509 0.203442 -0.063236 -0.066396 -0.488735 0.867601
16.866667 -7.131481 -17.223351 0.109932 -0.062411 -0.068359 -0.484043 0.870135
16.900000 -6.997518 -17.108930 0.009023 -0.061899 -0.070215 -0.479183 0.872710
16.933333 -6.866011 -16.993862 -0.091860 -0.060227 -0.072670 -0.474472 0.875196
16.966667 -6.736134 -16.875167 -0.195271 -0.059076 -0.074608 -0.469783 0.877637
17.000000 -6.606432 -16.756966 -0.299865 -0.056904 -0.076871 -0.465021 0.880118
17.033333 -6.477035 -16.635792 -0.405889 -0.055638 -0.078531 -0.460215 0.882575
17.066667 -6.349668 -16.512941 -0.509827 -0.054765 -0.079950 -0.455458 0.884967
17.100000 -6.221756 -16.389304 -0.612180 -0.053492 -0.081206 -0.450612 0.887408
17.133333 -6.095578 -16.261780 -0.710708 -0.051505 -0.082850 -0.445871 0.889765
17.166667 -5.970223 -16.132926 -0.804177 -0.049448 -0.084363 -0.441012 0.892158
17.200000 -5.844985 -16.004167 -0.891883 -0.047981 -0.085387 -0.436078 0.894563
17.233333 -5.721596 -15.872046 -0.972670 -0.045742 -0.086671 -0.431205 0.896916
17.266667 -5.596675 -15.735074 -1.046657 -0.044107 -0.087678 -0.426386 0.899201
17.300000 -5.474679 -15.599854 -1.111615 -0.042018 -0.088692 -0.421461 0.901520
17.333333 -5.354840 -15.462030 -1.167559 -0.039482 -0.089771 -0.416637 0.903768
17.366667 -5.234014 -15.323425 -1.214477 -0.038191 -0.090056 -0.411636 0.906084
17.400000 -5.114784 -15.183209 -1.250519 -0.035992 -0.090817 -0.406705 0.908321
17.433333 -4.992666 -15.045059 -1.279772 -0.033050 -0.091375 -0.401794 0.910560
17.466667 -4.876660 -14.902238 -1.295993 -0.031415 -0.091337 -0.396914 0.912760
17.500000 -4.761459 -14.757432 -1.301108 -0.028533 -0.091888 -0.392131 0.914864
17.533333 -4.646637 -14.612047 -1.295241 -0.026697 -0.091698 -0.387115 0.917072
17.566667 -4.532471 -14.463876 -1.278499 -0.024171 -0.091437 -0.382181 0.919235
17.600000 -4.419631 -14.314330 -1.254332 -0.022165 -0.091287 -0.377204 0.921354
17.633333 -4.305111 -14.166924 -1.220055 -0.019743 -0.090901 -0.372227 0.923468
17.666667 -4.194628 -14.014024 -1.173462 -0.017236 -0.090473 -0.367351 0.925511
17.700000 -4.084849 -13.860106 -1.118230 -0.014214 -0.090096 -0.362446 0.927531
17.733333 -3.976987 -13.705711 -1.053229 -0.012477 -0.088965 -0.357446 0.929603
17.766667 -3.866993 -13.550441 -0.980319 -0.009327 -0.088521 -0.352464 0.931583
17.800000 -3.761378 -13.391455 -0.900715 -0.007176 -0.087483 -0.347520 0.933555
17.833333 -3.653362 -13.229932 -0.815673 -0.005151 -0.086084 -0.342530 0.935541
17.866667 -3.546740 -13.068995 -0.723477 -0.002138 -0.085119 -0.337574 0.937440
17.900000 -3.442446 -12.906183 -0.627022 -0.000301 -0.083623 -0.332592 0.939356
17.933333 -3.338030 -12.741372 -0.527388 0.002363 -0.082242 -0.327663 0.941205
17.966667 -3.234517 -12.575872 -0.425804 0.005132 -0.080878 -0.322581 0.943066
18.000000 -3.130824 -12.409768 -0.322721 0.006913 -0.078808 -0.317566 0.944930
18.033333 -3.031922 -12.241013 -0.219406 0.009751 -0.077246 -0.312703 0.946654
18.066667 -2.932272 -12.071110 -0.117059 0.011759 -0.075168 -0.307689 0.948440
18.100000 -2.837203 -11.900236 -0.015796 0.014206 -0.073306 -0.302841 0.950112
18.133333 -2.744281 -11.728157 0.082860 0.016232 -0.071186 -0.297983 0.951775
18.166667 -2.650900 -11.556305 0.176679 0.018417 -0.069030 -0.293007 0.953437
18.200000 -2.568359 -11.386785 0.268596 0.020809 -0.067072 -0.288272 0.954970
18.233333 -2.477187 -11.211979 0.349845 0.022684 -0.064574 -0.283285 0.956590
18.266667 -2.393181 -11.037001 0.425954 0.024461 -0.062004 -0.278559 0.958103
18.300000 -2.304487 -10.860789 0.491699 0.026367 -0.059556 -0.273576 0.959643
18.333333 -2.224828 -10.683390 0.550862 0.028339 -0.056912 -0.268863 0.961078
18.366667 -2.144897 -10.511462 0.601078 0.031019 -0.054501 -0.263837 0.962527
18.400000 -2.065483 -10.330446 0.640040 0.031398 -0.051192 -0.259121 0.963976
18.433333 -1.984084 -10.149555 0.668906 0.033922 -0.048672 -0.254142 0.965346
18.466667 -1.908518 -9.965260 0.687244 0.036117 -0.045956 -0.249273 0.966668
18.500000 -1.829449 -9.781776 0.694675 0.037199 -0.042773 -0.244361 0.968026
18.533333 -1.756268 -9.595485 0.691218 0.038138 -0.039637 -0.239487 0.969340
18.566667 -1.681199 -9.409816 0.676601 0.039739 -0.036623 -0.234573 0.970595
18.600000 -1.607692 -9.222819 0.651010 0.041237 -0.033526 -0.229618 0.971829
18.633333 -1.543545 -9.034553 0.611960 0.043451 -0.030388 -0.224631 0.973000
18.666667 -1.472990 -8.845601 0.566240 0.043821 -0.027015 -0.219748 0.974197
18.700000 -1.404592 -8.655735 0.511751 0.045129 -0.023647 -0.214859 0.975315
18.733333 -1.338945 -8.464173 0.448256 0.046481 -0.020310 -0.209836 0.976420
18.766667 -1.276473 -8.275038 0.371042 0.046965 -0.016677 -0.204920 0.977509
18.800000 -1.213006 -8.082433 0.291948 0.048393 -0.013505 -0.199938 0.978519
18.833333 -1.154127 -7.894309 0.200194 0.048762 -0.009727 -0.195098 0.979523
18.866667 -1.098491 -7.701601 0.103261 0.050136 -0.006314 -0.189973 0.980488
18.900000 -1.040209 -7.506222 0.006332 0.050312 -0.002680 -0.185194 0.981410
18.933333 -0.982165 -7.311994 -0.094975 0.050826 0.000910 -0.180146 0.982325
18.966667 -0.926935 -7.114762 -0.197629 0.051408 0.004347 -0.175203 0.983180
19.000000 -0.872300 -6.917394 -0.301165 0.051486 0.007889 -0.170198 0.984032
19.033333 -0.820545 -6.718955 -0.404528 0.051729 0.011539 -0.165146 0.984844
19.066667 -0.768912 -6.519641 -0.506354 0.052036 0.014999 -0.160125 0.985610
19.100000 -0.718534 -6.319743 -0.605589 0.052197 0.018341 -0.155024 0.986360
19.133333 -0.671279 -6.121293 -0.703881 0.051984 0.021985 -0.150040 0.987068
19.166667 -0.624861 -5.919682 -0.795826 0.052135 0.025297 -0.145021 0.987730
19.200000 -0.580527 -5.719080 -0.885790 0.052045 0.028978 -0.139861 0.988378
19.233333 -0.537153 -5.518916 -0.968144 0.051743 0.032414 -0.134804 0.988989
19.266667 -0.498945 -5.326750 -1.044027 0.051323 0.035846 -0.129900 0.989549
19.300000 -0.461051 -5.131185 -1.108500 0.050883 0.039274 -0.124855 0.990091
19.333333 -0.421488 -4.928247 -1.164401 0.050246 0.042697 -0.119702 0.990618
19.366667 -0.386108 -4.724502 -1.210810 0.049671 0.045840 -0.114593 0.991110
19.400000 -0.354004 -4.526118 -1.247171 0.048522 0.048969 -0.109547 0.991588
19.433333 -0.319864 -4.321925 -1.272688 0.047814 0.052076 -0.104274 0.992033
19.466667 -0.287854 -4.119530 -1.287302 0.047288 0.055072 -0.099212 0.992415
19.500000 -0.258223 -3.917604 -1.293179 0.046339 0.058121 -0.094141 0.992780
19.533333 -0.229049 -3.712737 -1.285933 0.044825 0.061087 -0.088961 0.993149
19.566667 -0.201516 -3.506825 -1.268427 0.043830 0.063863 -0.083698 0.993476
19.600000 -0.175739 -3.301524 -1.239605 0.042546 0.066611 -0.078528 0.993774
19.633333 -0.151077 -3.096562 -1.201065 0.041253 0.069186 -0.073288 0.994053
19.666667 -0.128344 -2.891897 -1.154377 0.039622 0.071884 -0.068124 0.994295
19.700000 -0.106450 -2.687759 -1.097653 0.038466 0.074427 -0.062949 0.994494
19.733333 -0.086142 -2.483840 -1.031688 0.036752 0.076839 -0.057821 0.994687
19.766667 -0.068039 -2.279736 -0.957011 0.034925 0.079129 -0.052589 0.994863
19.800000 -0.051038 -2.074512 -0.876496 0.033520 0.081297 -0.047471 0.994994
19.833333 -0.035959 -1.870508 -0.787028 0.031992 0.083400 -0.042216 0.995107
19.866667 -0.022219 -1.666099 -0.692107 0.030318 0.085298 -0.037010 0.995206
19.900000 -0.011346 -1.460282 -0.594215 0.028467 0.087157 -0.031745 0.995282
19.933333 -0.000926 -1.253348 -0.492560 0.026862 0.088923 -0.026438 0.995325
19.966667 0.007428 -1.046454 -0.389251 0.024979 0.090593 -0.021184 0.995349
