113.453
97.429
89.2314
39.1475
85.2869
87.1877
89.5737
87.5223
90.041
119.83
83.1189
84.75
85.2249
89.1374
90.3687
90.0792
89.9713
82.1388
83.9096
87.7288
84.4034
80.9427
97.6817
94.2421
97.8742
48.6648
98.4308
88.1028
82.0751
87.8516
95.9517
39.7185
97.36
96.269
111.666
98.8029
50.2446
94.1437
91.6285
142.486
93.0766
91.4902
97.4234
93.3869
115.624
44.9135
85.9725
84.0828
87.3399
87.0358
46.2381
86.251
86.8928
90.6641
86.1977
88.6199
120.204
97.6779
93.8618
94.6783
94.5389
93.8708
93.7712
93.0723
92.1816
91.593
90.1122
88.5339
54.8051
84.8566
52.0975
81.3128
84.6912
91.6583
90.0801
88.8333
89.3557
89.9766
89.9158
94.445
97.5048
60.4014
115.442
114.384
116.873
55.299
115.596
115.733
114.024
116.027
115.316
114.692
112.768
117.984
115.998
116.571
115.893
117.724
115.927
115.519
119.897
117.51
115.337
114.261
117.293
116.334
116.191
116.603
115.85
116.026
114.997
115.966
114.83
74.7944
86.376
76.6361
99.9673
72.0098
111.755
113.039
111.897
111.36
76.427
114.446
99.8805
111.663
112.764
111.909
111.312
111.711
112.226
99.1554
111.25
98.4039
119.544
96.8206
97.5226
97.6922
97.3553
97.9611
96.942
90.9451
111.984
112.514
97.995
112.279
110.808
98.4319
112.012
114.385
119.908
112.458
94.8473
97.6042
114.413
113.718
134.867
133.967
68.7136
113.424
112.151
115.251
115.283
120.882
123.868
70.8051
116.415
98.4771
76.6547
72.8835
59.641
93.2504
84.6466
84.1245
137.098
135.252
141.526
91.1566
48.6449
41.4182
95.5964
99.9398
114.638
41.3257
49.544
116.488
151.31
92.0802
142.575
152.831
142.573
141.328
131.817
119.907
122.014
118.224
42.8203
122.073
45.0083
121.932
116.869
119.174
122.183
114.732
113.834
115.634
113.395
117.662
114.033
129.719
133.612
118.798
119.911
118.373
115.914
118.36
92.1833
121.936
119.29
118.387
116.475
126.42
129.631
124.46
125.193
124.338
124.182
120.564
124.691
133.327
133.134
130.464
122.646
125.422
127.359
125.465
125.467
144.258
117.96
144.793
125.304
124.8
123.765
126.326
122.327
125.605
125.923
125.162
122.261
43.2287
125.169
53.6007
120.659
148.142
118.436
144.027
55.3681
127.094
45.9522
125.125
120.47
117.608
135.063
120.208
120.672
50.9221
119.513
119.643
119.653
123.638
94.525
140.164
80.1657
44.344
54.8017
130.805
116.994
123.182
118.026
95.8514
126.431
132.088
140.545
135.294
43.9208
131.586
113.566
112.647
116.448
117.926
116.702
99.1174
115.007
111.893
126.377
124.38
129.835
97.3511
116.361
99.4395
112.16
113.312
99.4095
125.572
110.966
95.9367
121.376
141.35
119.777
118.567
120.809
120.085
118.151
116.542
123.473
118.499
115.297
115.699
115.22
121.583
115.892
112.622
115.724
115.317
115.831
118.143
117.952
119.878
118.707
117.088
97.1427
97.8069
116.468
112.68
117.577
115.183
117.481
117.679
118.166
123.101
121.679
118.179
118.407
117.618
122.804
63.9711
116.367
118.084
120.829
117.814
113.35
114.573
113.677
118.565
120
122.845
120.212
116.833
114.788
98.7735
97.7215
112.643
99.1851
113.95
122.117
115.898
112.69
113.086
99.0961
115.533
115.187
113.67
114.074
116.164
115.405
61.0346
69.3692
93.1537
93.6727
93.4201
96.8955
95.3556
95.4143
98.2269
98.6328
96.1569
43.7558
114.4
117.777
119.095
125.479
117.4
116.575
118.268
52.4898
118.772
116.914
126.689
114.432
113.506
113.468
99.9004
111.315
112.932
41.4733
113.9
117.113
115.316
116.552
132.561
116.916
117.339
119.628
115.154
114.85
121.938
127.879
120.452
126.729
117.087
117.046
128.761
127.617
118.749
129.017
118.078
98.9567
99.4489
98.7479
115.944
91.8188
47.3155
88.9909
87.8959
85.6924
85.334
85.2287
85.2464
83.4882
80.8703
84.9078
84.277
74.9685
82.2085
84.9525
81.4599
80.9986
87.7077
90.6316
89.5155
92.3432
95.0871
116.745
111.584
116.277
119.181
128.126
117.144
116.494
117.624
118.007
137.537
45.6644
133.954
142.65
122.63
127.719
128.849
127.58
129.59
128.294
131.151
131.431
130.498
128.729
128.343
128.157
129.125
129.371
126.565
143.789
129.776
135.753
142.328
125.675
141.652
137.276
136.467
138.053
129.321
52.8622
72.0533
114.203
100.529
114.283
116.533
98.897
98.0417
98.8214
122.043
118.523
115.878
97.7516
95.8593
94.5051
93.1902
47.6734
48.6165
93.16
96.4666
94.4303
94.5101
89.7451
86.4512
93.7733
84.7682
45.6698
82.3182
79.38
78.3165
78.053
44.3834
80.6565
98.848
96.3921
85.0667
84.7083
90.0844
115.598
98.6531
98.1708
98.2615
96.8322
94.117
95.3171
97.5788
96.316
58.0942
91.9552
89.0868
87.3956
62.4492
84.2881
86.5152
69.5386
86.0793
84.4428
84.3223
89.2209
121.768
58.7399
99.9508
80.5332
94.593
35.4423
118.704
99.0847
94.7973
77.5452
79.7733
82.6133
93.5154
76.5205
79.0276
78.9138
88.764
79.0647
77.5125
77.4985
114.553
95.205
78.4981
76.5627
77.177
74.3633
71.8426
68.6304
40.967
63.7713
67.1521
71.0653
68.985
45.6561
69.0532
70.9419
68.8891
38.4484
71.6763
71.9046
71.009
72.5005
75.5824
75.8133
48.321
76.6546
78.2693
77.0243
82.1817
74.8124
84.3046
76.6465
86.4356
75.3096
82.3338
85.4214
68.8992
66.5464
79.0426
59.2604
67.2428
61.8132
65.9456
71.2466
63.8125
62.3696
71.6506
62.182
34.8481
39.9133
59.6884
59.2261
59.0344
61.1412
62.4932
62.1216
64.4487
64.385
66.6353
37.4312
67.5364
70.4815
70.0639
72.7245
72.1804
73.2913
82.7209
76.2715
74.1016
75.7145
77.1403
76.5572
76.5043
87.4236
79.3012
94.3931
81.9944
92.6344
80.2146
88.8018
86.7935
78.9672
79.063
79.4352
81.6374
80.4932
80.7282
80.5176
95.8836
79.6269
77.4298
77.0146
81.4621
80.9353
86.1115
85.9954
90.335
89.1536
89.2222
115.702
85.1695
87.0205
86.2627
115.097
92.6301
80.6917
98.3397
99.5874
134.2
131.838
112.955
97.8903
67.944
95.2873
117.179
122.102
116.799
131.232
130.262
121.967
125.23
127.899
119.648
115.924
115.598
117.203
42.8114
116.616
98.4248
111.029
115.527
111.608
113.31
114.36
112.605
70.5923
130.66
92.7236
122.98
40.7078
117.782
50.6555
131.759
118.114
118.241
117.559
114.325
126.597
129.594
139.625
115.767
121.402
116.783
129.558
152.747
116.821
130.843
120.871
116.439
123.938
120.955
138.661
121.126
119.769
119.317
117.055
116.856
118.733
121.821
138.904
120.945
63.2557
130.515
139.164
143.206
141.856
132.963
129.254
120.619
141.159
126.992
112.677
126.253
97.1054
91.8054
94.1236
92.8281
90.6825
95.8561
98.8022
99.214
112.092
99.546
114.999
94.2476
96.4972
94.5972
94.7559
92.4523
93.4708
95.53
93.0428
91.4713
87.6039
86.1517
83.0966
81.6941
82.231
80.995
84.1168
84.038
83.6739
82.8616
43.9617
85.1174
61.1067
89.2037
88.4257
86.9475
97.0584
92.2674
83.9382
86.3627
86.1354
87.8383
85.7171
45.308
83.8456
89.1214
85.2915
66.8316
83.8557
84.0833
86.6523
90.1307
71.2434
87.739
86.4213
67.619
91.5812
93.9474
111.46
98.5866
99.0462
49.0451
97.5546
69.0407
118.171
116.385
117.972
135.253
119.022
120.435
115.322
116.463
117.673
127.102
130.713
116.681
116.822
118.746
118.612
116.016
116.29
114.634
122.525
129.757
116.329
116.942
117.776
115.827
53.9634
117.717
112.863
95.7696
113.238
113.339
93.5674
94.1993
97.7436
118.102
121.954
96.5251
96.9545
118.776
116.924
116.915
114.448
96.805
92.3892
97.4148
126.441
90.4168
95.6245
98.401
117.583
117.566
115.284
114.564
98.9707
96.772
95.7032
78.3009
112.807
118.388
113.854
118.737
93.104
80.0891
98.6545
97.6988
98.8251
89.2248
127.474
117.857
112.211
115.724
114.835
114.518
122.677
115.783
88.5883
116.879
130.01
113.749
133.433
115.559
117.744
116.075
53.5887
118.59
115.637
123.534
124.614
126.848
126.777
121.911
148.054
94.7066
129.317
143.934
131.136
150.81
125.375
123.265
121.028
115.779
96.5665
120.892
122.626
125.939
113.502
95.9549
94.6803
90.6997
90.0949
90.5694
91.2406
90.7607
86.3314
121.392
82.9095
84.0602
88.1473
49.81
89.3709
89.8649
92.1892
89.7131
58.0189
96.3047
113.024
60.9472
95.5212
41.3371
116.797
118.135
63.288
114.145
113.925
130.307
112.374
117.235
118.084
139.651
119.828
119.442
119.295
116.764
119.548
118.261
122.618
118.939
119.491
123.957
125.442
70.2954
116.741
58.984
116.733
114.088
119.651
116.853
142.101
132.624
143.98
53.3053
54.0178
134.304
141.18
146.69
123.943
118.011
118.394
124.703
120.963
128.113
126.691
55.4153
131.161
152.337
127.389
126.934
125.77
123.945
123.925
120.347
123.285
125.246
128.046
128.506
126.888
123.26
119.88
119.51
120.435
127.919
145.446
129.303
73.3441
122
70.2135
69.0771
85.2616
132.113
141.319
125.514
126.956
144.074
131.606
129.669
133.211
126.652
135.033
139.069
145.04
129.844
144.645
144.736
134.841
145.629
87.9531
127.568
154.425
87.7281
128.579
60.1492
124.647
132.943
140.084
122.721
56.2795
141.446
46.3217
60.8096
127.627
136.311
127.137
126.418
124.137
129.224
127.414
127.885
129.04
127.648
126.224
92.9102
80.8938
71.2021
68.6926
118.791
114.997
114.395
97.81
116.172
116.547
120.493
117.966
126.227
120.162
125.201
121.342
116.727
115.819
97.5771
115.721
92.1467
93.0644
98.2891
39.578
70.295
46.6168
62.1144
56.3442
54.2202
54.1093
54.2823
52.679
52.9303
54.4256
